XYZ
400
-1.174252035070414285e-01 -1.008396863747214267e+00 7.179342522757856983e-03
-1.220866724646235552e-01 -1.007842884304296804e+00 7.224018284283467012e-03
-1.267455655853303165e-01 -1.007265599670601253e+00 7.268694045809077908e-03
-1.314023435879528579e-01 -1.006669178254234298e+00 7.313369807334693141e-03
-1.360558859219537786e-01 -1.006049794028297528e+00 7.349956397307284665e-03
-1.407057391815394465e-01 -1.005404229274252215e+00 7.377320301241721383e-03
-1.453545593141397640e-01 -1.004748333250354397e+00 7.409419370525358213e-03
-1.500017320280340738e-01 -1.004075963039394059e+00 7.449069108879339575e-03
-1.546457854164358103e-01 -1.003385283744022693e+00 7.490244604267564006e-03
-1.592826827051790628e-01 -1.002652601255002773e+00 7.534920365793175770e-03
-1.639179455391651108e-01 -1.001910012979572828e+00 7.579596127318791871e-03
-1.685474713272566150e-01 -1.001132654729027127e+00 7.624271888844403634e-03
-1.731760909685778616e-01 -1.000349672119217992e+00 7.668947650370014531e-03
-1.777991387712483662e-01 -9.995321056832991991e-01 7.713623411895628029e-03
-1.824216420880748757e-01 -9.987116871786760885e-01 7.758299173421238058e-03
-1.870353079808247942e-01 -9.978449774050791587e-01 7.802974934946849822e-03
-1.916489738735751014e-01 -9.969782676314822289e-01 7.847650696472465923e-03
-1.962589327418270135e-01 -9.960832100234887632e-01 7.892326457998076819e-03
-2.008688011948472352e-01 -9.951874610049002978e-01 7.937002219523687715e-03
-2.054666829814940920e-01 -9.942397697653593269e-01 7.981677981049302081e-03
-2.100631487060564406e-01 -9.932859422567875685e-01 8.026353742574911243e-03
-2.146383794827187996e-01 -9.922994455976001937e-01 8.071029504100522139e-03
-2.192087098867892825e-01 -9.913054099036553435e-01 8.115705265626138240e-03
-2.237842631001234206e-01 -9.902754673960200149e-01 8.160381027151749136e-03
-2.283617416260376176e-01 -9.892322883643969167e-01 8.205056788677361768e-03
-2.329334229400397971e-01 -9.881644711821467864e-01 8.249732550202976133e-03
-2.375019663136486159e-01 -9.870833177532271074e-01 8.294408311728585295e-03
-2.420637973535337273e-01 -9.859743018069629938e-01 8.339084073254196192e-03
-2.466205016503389136e-01 -9.848440050403649559e-01 8.383759834779812292e-03
-2.511717876814228978e-01 -9.836931188640281043e-01 8.417599064863940175e-03
-2.557173230378462780e-01 -9.825203801239806856e-01 8.439936945626747358e-03
-2.602582641703112820e-01 -9.813296248193894566e-01 8.471283108661463099e-03
-2.647924072075454327e-01 -9.801122103178165901e-01 8.515958870187073995e-03
-2.693245398355109677e-01 -9.788861797765209261e-01 8.560634631712683157e-03
-2.738524282661317089e-01 -9.776419598180327020e-01 8.605310393238295788e-03
-2.783760887874459633e-01 -9.763832900429258999e-01 8.649986154763911889e-03
-2.828863302922640655e-01 -9.750787578063779826e-01 8.694661916289522785e-03
-2.873945281469195145e-01 -9.737675308537800944e-01 8.739337677815133681e-03
-2.918918136808953956e-01 -9.724205566437829074e-01 8.784013439340748047e-03
-2.963881159492266493e-01 -9.710703613911578769e-01 8.828689200866357209e-03
-3.008724455123599206e-01 -9.696809452077113090e-01 8.873364962391968105e-03
-3.053567750754935806e-01 -9.682915290242647410e-01 8.918040723917584206e-03
-3.098277816883147628e-01 -9.668577030064445799e-01 8.962716485443195102e-03
-3.142987085229903554e-01 -9.654236110614724531e-01 9.007392246968807734e-03
-3.187567980568152826e-01 -9.639528411140690922e-01 9.052068008494422099e-03
-3.232136520266101209e-01 -9.624785409837240957e-01 9.096743770020031261e-03
-3.276586350083425803e-01 -9.609671440156835054e-01 9.141419531545642158e-03
-3.321011927344497683e-01 -9.594481681238125059e-01 9.186095293071258258e-03
-3.365327151485690838e-01 -9.578990959265211158e-01 9.230771054596869155e-03
-3.409605298733724421e-01 -9.563399118492772466e-01 9.275446816122480051e-03
-3.453783670114353166e-01 -9.547509439310162271e-01 9.320122577648094417e-03
-3.497912153561274495e-01 -9.531470840922469101e-01 9.364798339173705313e-03
-3.541921757599011400e-01 -9.515197096450672687e-01 9.399349755411619961e-03
-3.585846966330996644e-01 -9.498756416209245268e-01 9.426713659346058413e-03
-3.629714874409913916e-01 -9.482102262946602300e-01 9.460257045473660989e-03
-3.673526159950005754e-01 -9.465237162970684404e-01 9.499906783827642351e-03
-3.717269713844501555e-01 -9.448193326707768902e-01 9.541673136106583117e-03
-3.760920166643098028e-01 -9.430903806997357197e-01 9.586348897632192279e-03
-3.804513019620585634e-01 -9.413470287734171382e-01 9.631024659157803175e-03
-3.847993704525387582e-01 -9.395756348289265869e-01 9.675700420683414071e-03
-3.891430684302771836e-01 -9.377938896700467319e-01 9.720376182209030172e-03
-3.934741601313775927e-01 -9.359822875401831999e-01 9.765051943734641068e-03
-3.978021923405949400e-01 -9.341632328018866227e-01 9.809727705260251965e-03
-4.021158604947005499e-01 -9.323091886985737098e-01 9.854403466785864596e-03
-4.064278323659853975e-01 -9.304511656602499903e-01 9.899079228311475492e-03
-4.107234068366729662e-01 -9.285546795834878075e-01 9.943754989837088124e-03
-4.150186621947785093e-01 -9.266575552815606853e-01 9.988430751362704224e-03
-4.192874312085507205e-01 -9.247074582909677876e-01 1.003310651288831512e-02
-4.235562002223229316e-01 -9.227573613003747788e-01 1.007778227441392602e-02
-4.278154124790725099e-01 -9.207823336392875202e-01 1.012245803593954038e-02
-4.320739060676936361e-01 -9.188054311917792649e-01 1.016713379746514954e-02
-4.363161049700799432e-01 -9.167944235870350012e-01 1.021180955899076218e-02
-4.405553879812456053e-01 -9.147773129541534320e-01 1.025648532051637654e-02
-4.447797774098576351e-01 -9.127276761065006294e-01 1.030116108204198917e-02
-4.489996264647592716e-01 -9.106681235001700125e-01 1.034583684356760007e-02
-4.532058666976607753e-01 -9.085825765147371724e-01 1.039051260509321443e-02
-4.574058350386833172e-01 -9.064850495111098638e-01 1.043518836661882360e-02
-4.615918023151564520e-01 -9.043592511271419943e-01 1.046640156607756521e-02
-4.657685392601862429e-01 -9.022148145739123937e-01 1.048873944684037413e-02
-4.699362014411557764e-01 -9.000529265513371735e-01 1.052271164050047614e-02
-4.740955148391902130e-01 -8.978749831769635703e-01 1.056738740202608877e-02
-4.782460027798700053e-01 -8.956793888878799015e-01 1.061206316355170313e-02
-4.823852120852177849e-01 -8.934612373281334285e-01 1.065673892507731230e-02
-4.865124546687283336e-01 -8.912239390134472083e-01 1.070141468660292319e-02
-4.906181571529320551e-01 -8.889521765398699094e-01 1.074609044812853409e-02
-4.947207848544418196e-01 -8.866730345878260922e-01 1.079076620965415019e-02
-4.988153183982640959e-01 -8.843744666573333246e-01 1.083544197117976109e-02
-5.029059627574892222e-01 -8.820685524892682983e-01 1.088011773270537198e-02
-5.069803922086252301e-01 -8.797320101614787280e-01 1.092479349423098461e-02
-5.110515806725965948e-01 -8.773907310062953879e-01 1.096946925575659378e-02
-5.150969708787408452e-01 -8.750117467050566589e-01 1.101414501728220641e-02
-5.191418292305814974e-01 -8.726317651769979200e-01 1.105882077880782251e-02
-5.231693491321153244e-01 -8.702192740546148553e-01 1.110349654033343514e-02
-5.271968690336492624e-01 -8.678067829322316795e-01 1.114817230185904604e-02
-5.311926272609736044e-01 -8.653434731311132611e-01 1.119284806338466040e-02
-5.351866403413630957e-01 -8.628773710948995923e-01 1.123752382491026956e-02
-5.391690457015706484e-01 -8.603899882383519993e-01 1.128219958643588046e-02
-5.431496560535029605e-01 -8.578993145332989290e-01 1.132687534796149656e-02
-5.471109966591877205e-01 -8.553788603113183786e-01 1.137155110948710746e-02
-5.510670353422806311e-01 -8.528502122089687276e-01 1.141622687101272009e-02
-5.550042463830165973e-01 -8.502917536728866743e-01 1.144521293057398047e-02
-5.589334796091939284e-01 -8.477206635970878645e-01 1.146755081133678592e-02
-5.628419206561792176e-01 -8.451204644704199964e-01 1.150375014489436916e-02
-5.667376470612129902e-01 -8.425024648450188947e-01 1.154842590641998352e-02
-5.706261535440712018e-01 -8.398724320159928203e-01 1.159310166794559616e-02
-5.745084772206467960e-01 -8.372320945098291611e-01 1.163777742947120705e-02
-5.783775344564303644e-01 -8.345723675901995930e-01 1.168245319099682142e-02
-5.822308188880142010e-01 -8.318895881105867751e-01 1.172712895252243231e-02
-5.860665122384973724e-01 -8.291942435730448313e-01 1.177180471404804148e-02
-5.898728871204794721e-01 -8.264779572722875667e-01 1.181648047557365411e-02
-5.936786071568502798e-01 -8.237511934417438564e-01 1.186115623709926847e-02
-5.974827482507562015e-01 -8.209991665317661891e-01 1.190583199862488110e-02
-6.012816971170203972e-01 -8.182395872906734757e-01 1.195050776015049200e-02
-6.050612665420873615e-01 -8.154518197714751837e-01 1.199518352167610637e-02
-6.088367872262656633e-01 -8.126588467282779282e-01 1.203985928320171726e-02
-6.125850836182644699e-01 -8.098308710237066554e-01 1.208453504472732816e-02
-6.163315717056304655e-01 -8.070007679019196578e-01 1.212921080625294253e-02
-6.200418937003324693e-01 -8.041281164358228262e-01 1.217388656777855342e-02
-6.237522156950344732e-01 -8.012554649697261056e-01 1.221856232930416605e-02
-6.274495936856161471e-01 -7.983612401634281319e-01 1.226323809082977868e-02
-6.311465129518603057e-01 -7.954662508165686319e-01 1.230791385235538785e-02
-6.348059165451449548e-01 -7.925238732512336348e-01 1.235258961388100048e-02
-6.384603938379403987e-01 -7.895752729905430867e-01 1.239726537540661484e-02
-6.421023293414320765e-01 -7.866141309405494386e-01 1.242402429507039226e-02
-6.457411701176931640e-01 -7.836498941633250892e-01 1.244636217583319771e-02
-6.493590957234545158e-01 -7.806566979192545164e-01 1.248478864928826738e-02
-6.529688972547238457e-01 -7.776522529566572972e-01 1.252946441081387655e-02
-6.565530301676523184e-01 -7.746207133413668400e-01 1.257414017233948744e-02
-6.601226235135490006e-01 -7.715738264053197959e-01 1.261881593386510354e-02
-6.636909736500100632e-01 -7.685070481183080560e-01 1.266349169539071444e-02
-6.672583332078301233e-01 -7.654244205730408313e-01 1.270816745691632707e-02
-6.707970623836549962e-01 -7.623248268754797552e-01 1.275284321844194144e-02
-6.743041096634152520e-01 -7.592064587209922388e-01 1.279751897996755060e-02
-6.778058915855672550e-01 -7.560810700896933856e-01 1.284219474149316149e-02
-6.812995361368701097e-01 -7.529448316305955569e-01 1.288687050301877239e-02
-6.847827596679066930e-01 -7.497974774165463430e-01 1.293154626454438849e-02
-6.882428973980653231e-01 -7.466254983482278895e-01 1.297622202606999939e-02
-6.916943326621767252e-01 -7.434437929943273904e-01 1.302089778759561028e-02
-6.951164959950387745e-01 -7.402293719525594451e-01 1.306557354912122638e-02
-6.985350393945446434e-01 -7.370113309774360966e-01 1.311024931064683555e-02
-7.019326310585674022e-01 -7.337723382668291938e-01 1.315492507217244818e-02
-7.053277363037198100e-01 -7.305305666174842782e-01 1.319960083369806254e-02
-7.086873535704458771e-01 -7.272491319334281057e-01 1.324427659522367344e-02
-7.120469708371719442e-01 -7.239676972493720442e-01 1.328895235674928434e-02
-7.153846158729691984e-01 -7.206664875574796403e-01 1.331659963930500665e-02
-7.187218952589322640e-01 -7.173649487807369773e-01 1.334396354323944163e-02
-7.220209010795527460e-01 -7.140251364386516197e-01 1.338240663714150396e-02
-7.253157384920668749e-01 -7.106811556884593539e-01 1.342205637549548705e-02
-7.285959233185088646e-01 -7.073206907789365561e-01 1.346582715368216041e-02
-7.318728904264124591e-01 -7.039566059360580219e-01 1.351050291520777304e-02
-7.351119363224498660e-01 -7.005595461263389723e-01 1.355517867673338740e-02
-7.383375263045989234e-01 -6.971507855219348793e-01 1.359985443825899656e-02
-7.415513888993475744e-01 -6.937288316067051763e-01 1.364453019978460746e-02
-7.447591085768868746e-01 -6.902999669096142599e-01 1.368920596131022356e-02
-7.479424493827718790e-01 -6.868492895378858210e-01 1.373388172283583446e-02
-7.511077270868614653e-01 -6.833824504434984348e-01 1.377855748436144535e-02
-7.542609017814485561e-01 -6.799046086131992350e-01 1.382323324588705972e-02
-7.574016078166989629e-01 -6.764154316380490695e-01 1.386790900741267062e-02
-7.605248823271397729e-01 -6.729106580354377032e-01 1.391258476893827978e-02
-7.636231463889409099e-01 -6.693835066629906239e-01 1.395726053046389241e-02
-7.667133295894128509e-01 -6.658490090529709526e-01 1.400193629198950677e-02
-7.697870219823749194e-01 -6.622995197997612049e-01 1.404661205351511941e-02
-7.728496783985315810e-01 -6.587412017651070872e-01 1.409128781504073030e-02
-7.758786950299682017e-01 -6.551559719026764927e-01 1.413596357656634467e-02
-7.789014391047082153e-01 -6.515652074313966757e-01 1.418063933809195556e-02
-7.818924813388478112e-01 -6.479464707478220786e-01 1.422531509961756646e-02
-7.848822205299432753e-01 -6.443266171702090039e-01 1.426854820634391660e-02
-7.878576262475490699e-01 -6.406944777581767836e-01 1.429591211027835332e-02
-7.908329521870092194e-01 -6.370622751884460477e-01 1.432329429670448594e-02
-7.937547469907844100e-01 -6.333876938029643355e-01 1.436294403505846730e-02
-7.966765417945592676e-01 -6.297131124174829564e-01 1.440259377341244519e-02
-7.995777937258470303e-01 -6.260220967340115461e-01 1.444686565807605169e-02
-8.024772506488594415e-01 -6.223296450439194105e-01 1.449154141960166779e-02
-8.053392783252363296e-01 -6.186091214188511600e-01 1.453621718112727869e-02
-8.081940594867229599e-01 -6.148831629076151328e-01 1.458089294265289132e-02
-8.110184451747430856e-01 -6.111335634725716393e-01 1.462556870417850569e-02
-8.138330181508565131e-01 -6.073763319282678985e-01 1.467024446570411485e-02
-8.166340388144893714e-01 -6.036070538839811706e-01 1.471492022722972574e-02
-8.194285076979166416e-01 -5.998319520350666734e-01 1.475959598875534184e-02
-8.221938708545640795e-01 -5.960383283600200199e-01 1.480427175028095274e-02
-8.249391964003128797e-01 -5.922319534780379202e-01 1.484894751180656537e-02
-8.276639990181110518e-01 -5.884107564814243796e-01 1.489362327333217974e-02
-8.303691163784866491e-01 -5.845753423544508554e-01 1.493829903485778890e-02
-8.330665750368866362e-01 -5.807303548500073465e-01 1.498297479638339980e-02
-8.357538220926523653e-01 -5.768726028422703767e-01 1.502765055790901590e-02
-8.384232553533275123e-01 -5.730055566805736245e-01 1.507232631943462679e-02
-8.410591252833385933e-01 -5.691209992159216302e-01 1.511700208096023769e-02
-8.436837531430014803e-01 -5.652293414963129869e-01 1.515709226115961525e-02
-8.462771810995632915e-01 -5.613179785747456352e-01 1.518445616509405370e-02
-8.488640672481873040e-01 -5.574021181602213382e-01 1.521406881550706712e-02
-8.514217545955286015e-01 -5.534661835698149179e-01 1.525371855386104675e-02
-8.539776336382369770e-01 -5.495286667128541636e-01 1.529387687789311376e-02
-8.565174506809679622e-01 -5.455770956059137200e-01 1.533855263941872465e-02
-8.590561009683198579e-01 -5.416248763015405476e-01 1.538322840094433555e-02
-8.615356057329913719e-01 -5.376397983734557684e-01 1.542790416246994992e-02
-8.640151104976626639e-01 -5.336547204453714333e-01 1.547257992399555908e-02
-8.664611084411898423e-01 -5.296487007540717773e-01 1.551725568552116998e-02
-8.689048725966410647e-01 -5.256412849452239966e-01 1.556193144704678608e-02
-8.713142324268100536e-01 -5.216128442709265789e-01 1.560660720857239871e-02
-8.737177883968879621e-01 -5.175808567932400628e-01 1.565128297009800787e-02
-8.761075161550652135e-01 -5.135384981566278872e-01 1.569595873162362223e-02
-8.784932018205326987e-01 -5.094931079504838589e-01 1.574063449314923313e-02
-8.808371535435930433e-01 -5.054260779223508360e-01 1.578531025467484403e-02
-8.831625269310012794e-01 -5.013494146831384279e-01 1.582998601620045839e-02
-8.854647314152968018e-01 -4.972591226773894757e-01 1.587466177772607276e-02
-8.877521304054081241e-01 -4.931601215574146213e-01 1.591933753925168366e-02
-8.900230086712054289e-01 -4.890422396096518742e-01 1.596401330077729802e-02
-8.922791346282487046e-01 -4.849074978804567282e-01 1.600868906230290892e-02
-8.945133215952570938e-01 -4.807687672439823756e-01 1.605336482382851981e-02
-8.967203042146224545e-01 -4.766250903624815183e-01 1.609804058535413765e-02
-8.989207716187652686e-01 -4.724773414714669717e-01 1.613457232785163800e-02
-9.011098839335203170e-01 -4.683224956495851132e-01 1.615691020861444172e-02
-9.032819436696571946e-01 -4.641597551153801016e-01 1.618556385923577978e-02
-9.054107437063526609e-01 -4.599769869425445190e-01 1.623023962076139415e-02
-9.075314662058078241e-01 -4.557900453754685222e-01 1.627491538228700504e-02
-9.096200580571301986e-01 -4.515865029735237623e-01 1.631959114381261594e-02
-9.117038632197178583e-01 -4.473805938199263421e-01 1.636426690533823031e-02
-9.137522468856671409e-01 -4.431571707041026542e-01 1.640894266686384467e-02
-9.157991347113868530e-01 -4.389330245988346535e-01 1.645361842838945557e-02
-9.178073101919631549e-01 -4.346901675267471066e-01 1.649829418991506993e-02
-9.198154856725392348e-01 -4.304473104546599482e-01 1.654296995144068083e-02
-9.217831139106237304e-01 -4.261863138267210638e-01 1.658764571296629173e-02
-9.237488474177508735e-01 -4.219244695559849490e-01 1.663232147449190609e-02
-9.256794585962855315e-01 -4.176462348652394962e-01 1.667699723601752046e-02
-9.276049839180394718e-01 -4.133656267746629864e-01 1.672167299754313136e-02
-9.295181303308706067e-01 -4.090717555673833439e-01 1.676634875906874572e-02
-9.314280191360904126e-01 -4.047743940662349438e-01 1.681102452059435315e-02
-9.332903402220074085e-01 -4.004632379264885800e-01 1.685570028211996405e-02
-9.351332153849389872e-01 -3.961464424690759878e-01 1.690037604364558188e-02
-9.369508407647939574e-01 -3.918187054389972723e-01 1.694505180517119278e-02
-9.387535077423524443e-01 -3.874844864345900475e-01 1.698972756669680367e-02
-9.405329958445300953e-01 -3.831409958800302551e-01 1.702220392012725181e-02
-9.422932208486392014e-01 -3.787898000862434666e-01 1.704454180089005552e-02
-9.440337406507895990e-01 -3.744308259232624336e-01 1.707725084057845275e-02
-9.457515236814495463e-01 -3.700628767189029777e-01 1.712192660210406711e-02
-9.474539294745484286e-01 -3.656886911904220216e-01 1.716660236362967801e-02
-9.491315043198350621e-01 -3.613044353331061886e-01 1.721127812515528890e-02
-9.507963213100075750e-01 -3.569154792133798493e-01 1.725595388668089980e-02
-9.524314541818450497e-01 -3.525155868395297154e-01 1.730062964820651417e-02
-9.540582801542736302e-01 -3.481085603050114163e-01 1.734530540973212506e-02
-9.556554386288143021e-01 -3.436760546252478621e-01 1.738998117125773596e-02
-9.572461749626357541e-01 -3.392437935984636832e-01 1.743465693278335032e-02
-9.587964238875744671e-01 -3.348130749491611269e-01 1.747933269430896469e-02
-9.603443359776655530e-01 -3.303815568563581162e-01 1.752400845583457559e-02
-9.618521429291549962e-01 -3.259363185845595701e-01 1.756868421736018995e-02
-9.633599498806443284e-01 -3.214910803127614125e-01 1.761335997888579738e-02
-9.648264516972588911e-01 -3.170321461278203801e-01 1.765803574041140828e-02
-9.662918166752990645e-01 -3.125728349911410242e-01 1.770271150193702611e-02
-9.677193501918865959e-01 -3.081009797382962545e-01 1.774738726346263701e-02
-9.691422731964773885e-01 -3.036275957367367551e-01 1.779206302498824790e-02
-9.705290301084045224e-01 -2.991433619073778916e-01 1.783673878651386227e-02
-9.719072773514695340e-01 -2.946565751773609354e-01 1.788141454803947317e-02
-9.732562659596426524e-01 -2.901603606649897360e-01 1.790983551240286215e-02
-9.745943050173349054e-01 -2.856606179641297816e-01 1.793217339316566933e-02
-9.759034909790417212e-01 -2.811494782903559697e-01 1.796893782192112224e-02
-9.771968542752080822e-01 -2.766320886636937093e-01 1.801361358344673314e-02
-9.784662808036107551e-01 -2.721106675814078391e-01 1.805828934497234750e-02
-9.797172021263278463e-01 -2.675861298329016980e-01 1.810296510649795840e-02
-9.809465833497379439e-01 -2.630558839580791619e-01 1.814764086802356929e-02
-9.821528289109295873e-01 -2.585195071327681116e-01 1.819231662954918366e-02
-9.833420850512016864e-01 -2.539785699892107562e-01 1.823699239107479456e-02
-9.845058886389438380e-01 -2.494308008447110869e-01 1.828166815260040892e-02
-9.856554651240573284e-01 -2.448795460600674823e-01 1.832634391412601982e-02
-9.867745929502739211e-01 -2.403208313539938745e-01 1.837101967565163071e-02
-9.878799789909140650e-01 -2.357552457551324032e-01 1.841569543717724161e-02
-9.889410283271473645e-01 -2.311674918040673432e-01 1.846037119870285251e-02
-9.899968920839179454e-01 -2.265809823920729438e-01 1.850504696022847034e-02
-9.910244345990070203e-01 -2.220012700780825132e-01 1.854972272175408124e-02
-9.920490452672459103e-01 -2.174208899545317653e-01 1.859439848327969561e-02
-9.930363795969620044e-01 -2.128320191094283387e-01 1.863907424480530997e-02
-9.940237139266780986e-01 -2.082431482643253284e-01 1.868375000633091740e-02
-9.949689852291362380e-01 -2.036449792763546096e-01 1.871126848042242025e-02
-9.959138775854029513e-01 -1.990467265213306247e-01 1.873863238435685696e-02
-9.968181495692111094e-01 -1.944405527936776401e-01 1.877716689071739706e-02
-9.977183661639521528e-01 -1.898335882651565887e-01 1.881681662907137495e-02
-9.985816188845738628e-01 -1.852196006005525641e-01 1.886062480326379520e-02
-9.994371597177893474e-01 -1.806041476773418419e-01 1.890530056478940610e-02
-1.000259393175224609e+00 -1.759788690782757847e-01 1.894997632631501699e-02
-1.001070258246914424e+00 -1.713502368054143632e-01 1.899465208784063136e-02
-1.001841094634058793e+00 -1.667198254799069079e-01 1.903932784936624226e-02
-1.002591647427689026e+00 -1.620885126613543781e-01 1.908400361089185662e-02
-1.003324004155947913e+00 -1.574531707140407466e-01 1.912867937241747099e-02
-1.004043283916510321e+00 -1.528149331524519261e-01 1.917335513394307842e-02
-1.004742459584386127e+00 -1.481734565981524254e-01 1.921803089546868931e-02
-1.005421531159575554e+00 -1.435287410511418005e-01 1.926270665699430368e-02
-1.006080987283219930e+00 -1.388740309645349336e-01 1.930738241851991804e-02
-1.006713149308807287e+00 -1.342054138851085376e-01 1.935205818004552894e-02
-1.007331037694514597e+00 -1.295406281511233271e-01 1.939673394157114331e-02
-1.007920757746652463e+00 -1.248834033908861330e-01 1.944140970309675420e-02
-1.008495130478034296e+00 -1.202249849501456358e-01 1.948608546462236510e-02
-1.009024538252112801e+00 -1.155630692349480654e-01 1.953076122614797600e-02
-1.009547776516266371e+00 -1.109002280932613327e-01 1.957158104397048459e-02
-1.010041443681124473e+00 -1.062329512866806852e-01 1.959391892473329178e-02
-1.010531663765275479e+00 -1.015652283873026834e-01 1.961828450002962507e-02
-1.010987356532836667e+00 -9.689303724695400022e-02 1.966296026155523943e-02
-1.011442650409670074e+00 -9.222076433400651363e-02 1.970763602308085033e-02
-1.011853667415705704e+00 -8.753941466254529236e-02 1.975231178460646123e-02
-1.012264684421741334e+00 -8.285806499108365475e-02 1.979698754613207559e-02
-1.012617716012296887e+00 -7.817920040885731336e-02 1.984166330765768996e-02
-1.012966186952196646e+00 -7.350053128308764450e-02 1.988633906918330432e-02
-1.013288224733193799e+00 -6.881827480003806230e-02 1.993101483070891522e-02
-1.013605422640025511e+00 -6.413536147692365519e-02 1.997569059223452265e-02
-1.013891925905344937e+00 -5.944989026701637952e-02 2.002036635376013701e-02
-1.014168915626803669e+00 -5.476362626178693516e-02 2.006504211528575138e-02
-1.014412411823475857e+00 -5.006394962231380807e-02 2.010971787681136227e-02
-1.014640258207256451e+00 -4.535800594413275100e-02 2.015439363833697317e-02
-1.014830595566256211e+00 -4.066277913017449924e-02 2.019906939986258754e-02
-1.014995895883900934e+00 -3.597470575660387943e-02 2.024374516138819843e-02
-1.015148471587325574e+00 -3.128446919861570946e-02 2.028842092291380933e-02
-1.015289200236131339e+00 -2.659221864134183461e-02 2.033309668443942370e-02
-1.015411423679251524e+00 -2.189942266747974681e-02 2.037022426996173627e-02
-1.015509710354607797e+00 -1.720592118888356406e-02 2.039758817389617299e-02
-1.015583471898376500e+00 -1.251159060261272313e-02 2.042930331085420284e-02
-1.015612511143368257e+00 -7.815748114112799905e-03 2.046895304920818420e-02
-1.015635467304759176e+00 -3.120286426646220850e-03 2.050997148137229803e-02
-1.015642168668988043e+00 1.574157710518150899e-03 2.055464724289790546e-02
-1.015640360364354899e+00 6.268596741881620783e-03 2.059932300442351982e-02
-1.015602385967058208e+00 1.096301407358907590e-02 2.064399876594913419e-02
-1.015557131813977110e+00 1.565692910214739469e-02 2.068867452747474855e-02
-1.015452143774391969e+00 2.034672249253716494e-02 2.073335028900035945e-02
-1.015346437731496465e+00 2.503705139372874172e-02 2.077802605052596688e-02
-1.015214644234995855e+00 2.974683718740100957e-02 2.082270181205158124e-02
-1.015082850738495246e+00 3.445662298107368682e-02 2.086737757357719908e-02
-1.014896176526013605e+00 3.914568075047919482e-02 2.091205333510280651e-02
-1.014706304539529702e+00 4.383353074524238419e-02 2.095672909662841740e-02
-1.014487512975272621e+00 4.852182417353167326e-02 2.100140485815403177e-02
-1.014264134167644604e+00 5.321018793955221288e-02 2.104608061967964266e-02
-1.014009342715193718e+00 5.789778384092168079e-02 2.109075638120525356e-02
-1.013745755722192721e+00 6.258516474018926967e-02 2.113543214273087140e-02
-1.013435299068662365e+00 6.727035838863174022e-02 2.118010790425648229e-02
-1.013104698433372919e+00 7.195461198459213170e-02 2.122478366578209319e-02
-1.012761682324177182e+00 7.663707223432192350e-02 2.125566445630091422e-02
-1.012410977596201356e+00 8.131842190578293661e-02 2.127800233706371794e-02
-1.012023176030529825e+00 8.599486522129080879e-02 2.131230693966373879e-02
-1.011603223872189039e+00 9.066705636163968629e-02 2.135698270118935316e-02
-1.011171105546647020e+00 9.534756104957561873e-02 2.140165846271496405e-02
-1.010724347931390987e+00 1.000380692521495724e-01 2.144633422424057842e-02
-1.010256814757389598e+00 1.047189375954661050e-01 2.149100998576619626e-02
-1.009754212440226562e+00 1.093835338563550197e-01 2.153568574729180368e-02
-1.009241887161570705e+00 1.140476763790409936e-01 2.158036150881741458e-02
-1.008705778023263333e+00 1.187107089882767086e-01 2.162503727034302548e-02
-1.008157569199542802e+00 1.233729039269842315e-01 2.166971303186864331e-02
-1.007563381571252137e+00 1.280319157176826317e-01 2.171438879339425421e-02
-1.006965238276576580e+00 1.326900516108243389e-01 2.175906455491986510e-02
-1.006339777615217868e+00 1.373421386584864901e-01 2.180374031644547947e-02
-1.005711724164127796e+00 1.419937769540793315e-01 2.184841607797108690e-02
-1.005028185012786013e+00 1.466358119553980155e-01 2.189309183949669779e-02
-1.004344645861444008e+00 1.512778469567170880e-01 2.193776760102231563e-02
-1.003626695736641539e+00 1.559327860730835569e-01 2.198244336254792652e-02
-1.002907415976079131e+00 1.605882238028599474e-01 2.202711912407354089e-02
-1.002138939692408082e+00 1.652180793406200776e-01 2.205211627635572658e-02
-1.001363815229938670e+00 1.698444778254045995e-01 2.207445415711853029e-02
-1.000569055371388183e+00 1.744708763101892879e-01 2.211464239795518649e-02
-9.997693592400797025e-01 1.790972747949743926e-01 2.215931815948080433e-02
-9.989248011982393427e-01 1.837124578021261112e-01 2.220399392100641522e-02
-9.980625590007949910e-01 1.883232197703768596e-01 2.224866968253202612e-02
-9.971832841692689353e-01 1.929366785723574673e-01 2.229334544405764049e-02
-9.962942365149093371e-01 1.975516847379529539e-01 2.233802120558325138e-02
-9.953705651453673697e-01 2.021546962593603891e-01 2.238269696710886228e-02
-9.944189714248717893e-01 2.067480346806165603e-01 2.242737272863447665e-02
-9.934452492412455538e-01 2.113453772999626112e-01 2.247204849016008754e-02
-9.924467459711481254e-01 2.159472041159082312e-01 2.251672425168569844e-02
-9.914386626754021492e-01 2.205409314556240341e-01 2.256140001321131280e-02
-9.904155877364656524e-01 2.251219840424600882e-01 2.260607577473692370e-02
-9.893739344618768250e-01 2.296978071718533132e-01 2.265075153626253460e-02
-9.882905472448807460e-01 2.342618829693097759e-01 2.269542729778814549e-02
-9.872010968888202953e-01 2.388266661329908058e-01 2.273618728200146877e-02
-9.860909042149088588e-01 2.433938692337541121e-01 2.276355118593590895e-02
-9.849720057508608573e-01 2.479574932874612225e-01 2.279268849156483590e-02
-9.838015007988898386e-01 2.524999013405779813e-01 2.283233822991881726e-02
-9.826286224470878183e-01 2.570417369854998135e-01 2.287230209472102330e-02
-9.814201430978199969e-01 2.615749865075036040e-01 2.291697785624663419e-02
-9.802116637485520645e-01 2.661082360295078386e-01 2.296165361777224856e-02
-9.789637540508306923e-01 2.706504669086594039e-01 2.300632937929785946e-02
-9.777150665161897791e-01 2.751928749617759684e-01 2.305100514082347035e-02
-9.764181929816176941e-01 2.797035605649380585e-01 2.309568090234908472e-02
-9.751158945331461769e-01 2.842106747664491784e-01 2.314035666387469561e-02
-9.737843972833918338e-01 2.887092118200836333e-01 2.318503242540030651e-02
-9.724463582256995808e-01 2.932058272176368829e-01 2.322970818692592088e-02
-9.710820455653960126e-01 2.977003078849774775e-01 2.327438394845153524e-02
-9.697082658984835790e-01 3.021940193580311407e-01 2.331905970997714614e-02
-9.682980043504143541e-01 3.066708032382284288e-01 2.336373547150276050e-02
-9.668683799815948055e-01 3.111386027695970391e-01 2.340841123302836793e-02
-9.654119501558597882e-01 3.156085722665256665e-01 2.345308699455398230e-02
-9.639354162374381696e-01 3.200801692376247232e-01 2.349776275607960013e-02
-9.624479460648933671e-01 3.245402831418931489e-01 2.353396292065952980e-02
-9.609490742657090800e-01 3.289884253381908374e-01 2.356132682459396652e-02
-9.594256108531492577e-01 3.334270952093365548e-01 2.359370013125304186e-02
-9.578664267759056106e-01 3.378520060096401600e-01 2.363334986960701628e-02
-9.562934111626714140e-01 3.422734225271682473e-01 2.367463755301246753e-02
-9.546917851119780529e-01 3.466876111447068642e-01 2.371931331453808536e-02
-9.530814366507015523e-01 3.510975475870851681e-01 2.376398907606369279e-02
-9.514440699907876775e-01 3.554943126576284307e-01 2.380866483758930716e-02
-9.498001814674726928e-01 3.598919473099585487e-01 2.385334059911492152e-02
-9.481226066221861704e-01 3.642940734718840834e-01 2.389801636064052895e-02
-9.464410827586930974e-01 3.686929865689971275e-01 2.394269212216614331e-02
-9.447143645757279939e-01 3.730551279243584650e-01 2.398736788369175768e-02
-9.429876463927632235e-01 3.774172692797190254e-01 2.403204364521736511e-02
-9.412207798580343177e-01 3.817626821551783345e-01 2.407671940674298294e-02
-9.394538534896963444e-01 3.861080700999671156e-01 2.412139516826859731e-02
