XYZ
400
-8.637884907028700043e-01 4.665614954678288795e-01 -1.224440998310003526e-01
-8.616306514211831136e-01 4.705362979707624072e-01 -1.224447699674232337e-01
-8.594664797491905484e-01 4.744915967115549416e-01 -1.224450601604277905e-01
-8.572974715271218793e-01 4.784319988781142730e-01 -1.224450601604277905e-01
-8.550981210170173208e-01 4.823691500852407277e-01 -1.224558966918692787e-01
-8.528665667288131136e-01 4.863028508875708589e-01 -1.224782345726320859e-01
-8.506196983607463569e-01 4.902275434076293070e-01 -1.224915641711229880e-01
-8.483501696752453469e-01 4.941389063291964368e-01 -1.224915641711229880e-01
-8.460684349334702814e-01 4.980430892176612723e-01 -1.224985288032322539e-01
-8.437609318506725797e-01 5.019321142584658446e-01 -1.225201965475721660e-01
-8.414512880543014717e-01 5.058131116233715030e-01 -1.225368336150153004e-01
-8.391348498191983918e-01 5.096686298430317397e-01 -1.225375037514381954e-01
-8.368081933332822686e-01 5.135227386487867252e-01 -1.225380681818181855e-01
-8.344269752439670285e-01 5.173693217161420277e-01 -1.225380681818181855e-01
-8.320430446977022942e-01 5.212140399693441228e-01 -1.225397634674117858e-01
-8.296260859991667624e-01 5.250360513678602459e-01 -1.225621013481745930e-01
-8.272091273006308976e-01 5.288580627663765910e-01 -1.225844392289374002e-01
-8.247566407345963135e-01 5.326578692477058619e-01 -1.225845721925133691e-01
-8.223039414268401570e-01 5.364575427654590944e-01 -1.225845721925133691e-01
-8.198166017834547237e-01 5.402348019483935726e-01 -1.226043375604901203e-01
-8.173259280784019865e-01 5.440099037973076257e-01 -1.226260053048300325e-01
-8.148129962707318930e-01 5.477497636504111700e-01 -1.226302375354531293e-01
-8.122955171087634652e-01 5.514824235258763974e-01 -1.226309076718760105e-01
-8.097462696244067670e-01 5.552117393674056434e-01 -1.226310762032085527e-01
-8.071863484889892915e-01 5.589399316667178486e-01 -1.226310762032085527e-01
-8.046145138171646449e-01 5.626576996216743343e-01 -1.226459681237170862e-01
-8.020367223771369680e-01 5.663702554044525161e-01 -1.226683060044798934e-01
-7.994275781258957103e-01 5.700619093130884218e-01 -1.226775802139037364e-01
-7.967961757720369853e-01 5.737387244866466451e-01 -1.226775802139037364e-01
-7.941512909115752139e-01 5.773941923580826474e-01 -1.226884785734080469e-01
-7.914930831008013534e-01 5.810285655581911568e-01 -1.227101463177479729e-01
-7.888170016613276214e-01 5.846601166064000488e-01 -1.227229713194680771e-01
-7.861163518771044911e-01 5.882877884422794690e-01 -1.227236414558909583e-01
-7.834035758147529505e-01 5.919071234619457389e-01 -1.227240842245989338e-01
-7.806671854213091954e-01 5.955102236289864237e-01 -1.227240842245989338e-01
-7.779244692857385512e-01 5.991012473792398652e-01 -1.227298348992595933e-01
-7.751635072234558388e-01 6.026574379966785910e-01 -1.227521727800224005e-01
-7.723950925527400813e-01 6.062124518864698830e-01 -1.227705882352941036e-01
-7.695916885170077659e-01 6.097619411396799638e-01 -1.227705882352941036e-01
-7.667851432167934744e-01 6.133089173813038864e-01 -1.227726195863259734e-01
-7.639482323599171565e-01 6.168316011775982766e-01 -1.227942873306658994e-01
-7.611109226123126126e-01 6.203539392685955001e-01 -1.228157051034830111e-01
-7.582405049342920700e-01 6.238475838198983547e-01 -1.228163752399058922e-01
-7.553700872562715274e-01 6.273412283712012094e-01 -1.228170453763287734e-01
-7.524768164636311818e-01 6.307933218050139068e-01 -1.228170922459893011e-01
-7.495818271167716818e-01 6.342422905947909806e-01 -1.228170922459893011e-01
-7.466508378817183766e-01 6.376836804607378673e-01 -1.228360395555648937e-01
-7.437134065614090517e-01 6.411237140982103400e-01 -1.228583774363277148e-01
-7.407520085565316714e-01 6.445432048631951627e-01 -1.228635962566844986e-01
-7.377833042031548549e-01 6.479564330437518338e-01 -1.228635962566844986e-01
-7.347916636329231421e-01 6.513482540885777716e-01 -1.228635962566844986e-01
-7.317894524584022120e-01 6.547302092360663961e-01 -1.228635962566844986e-01
-7.287737787218142582e-01 6.580852392594214173e-01 -1.228770588187513696e-01
-7.257492296665301046e-01 6.614225186453849270e-01 -1.228993966995141768e-01
-7.227037388480309632e-01 6.647539808748994528e-01 -1.229101002673796822e-01
-7.196389816073739398e-01 6.680800913204812952e-01 -1.229101002673796822e-01
-7.165595152711251581e-01 6.713924732768444814e-01 -1.229196121491955701e-01
-7.134612512093242431e-01 6.746873106893582772e-01 -1.229412798935354822e-01
-7.103558071144208119e-01 6.779661924727556910e-01 -1.229554484921907415e-01
-7.072374389599330735e-01 6.812163541237439279e-01 -1.229561186286136365e-01
-7.041080015877456688e-01 6.844628260354992388e-01 -1.229566042780748658e-01
-7.009494252478849496e-01 6.876995849580298525e-01 -1.229566042780748658e-01
-6.977843669336958321e-01 6.909302940378537761e-01 -1.229609255942938628e-01
-6.945922837726906662e-01 6.941357799273165652e-01 -1.229832634750566700e-01
-6.913969596245216342e-01 6.973380248296148221e-01 -1.230031082887700494e-01
-6.881758372185250439e-01 7.005144714740858536e-01 -1.230031082887700494e-01
-6.849541829582241892e-01 7.036894555192214629e-01 -1.230031082887700494e-01
-6.817151902476173975e-01 7.068167588260142464e-01 -1.230031082887700494e-01
-6.784761975370106057e-01 7.099440621328071410e-01 -1.230031082887700494e-01
-6.751821512577735884e-01 7.130480735451796281e-01 -1.230242827382431320e-01
-6.718850800571835036e-01 7.161508051831331212e-01 -1.230466206190059392e-01
-6.685764011364112580e-01 7.192361252408137062e-01 -1.230496122994652469e-01
-6.652659272073632168e-01 7.223187527860812640e-01 -1.230496122994652469e-01
-6.619414389174083091e-01 7.253628408388538285e-01 -1.230666047120651529e-01
-6.586130946837501776e-01 7.283963250464428052e-01 -1.230882724564050651e-01
-6.552565089865560743e-01 7.314203954328534207e-01 -1.230951918808984996e-01
-6.518879565675250731e-01 7.344404769119846632e-01 -1.230958620173213808e-01
-6.485013842598608136e-01 7.374397662119237529e-01 -1.230961163101604167e-01
-6.451037925958378327e-01 7.404263408699112148e-01 -1.230961163101604167e-01
-6.416905577671022654e-01 7.433960690428229601e-01 -1.231077885176768694e-01
-6.382639268580878600e-01 7.463513706677421533e-01 -1.231294562620167954e-01
-6.348311729763997935e-01 7.492842213928592177e-01 -1.231415313491684288e-01
-6.313911393389278759e-01 7.521903796801001629e-01 -1.231422014855913100e-01
-6.279293262677121401e-01 7.550848105799407017e-01 -1.231426203208556142e-01
-6.244312141402567073e-01 7.579596958341138224e-01 -1.231426203208556142e-01
-6.209304826303544411e-01 7.608286874777823172e-01 -1.231491687769720872e-01
-6.174234353505939632e-01 7.636834686392689475e-01 -1.231715066577348944e-01
-6.139130839259705485e-01 7.665278653454722368e-01 -1.231891243315507978e-01
-6.103904001296759363e-01 7.693335031692808412e-01 -1.231891243315507978e-01
-6.068625108093823606e-01 7.721368274268671783e-01 -1.231891243315507978e-01
-6.032996188277148786e-01 7.749245949460653593e-01 -1.231891243315507978e-01
-5.997347057996924580e-01 7.777101286771874733e-01 -1.231901880401585492e-01
-5.961293718445754841e-01 7.804509866467838064e-01 -1.232125259209213564e-01
-5.925240378894586213e-01 7.831918446163800285e-01 -1.232348638016841635e-01
-5.889230186023818314e-01 7.858960279076347977e-01 -1.232356283422459814e-01
-5.853221522234176577e-01 7.885989114799342170e-01 -1.232356283422459814e-01
-5.816857446805967502e-01 7.912879734885117644e-01 -1.232356283422459814e-01
-5.780446701162591516e-01 7.939752205442774935e-01 -1.232356283422459814e-01
-5.743838870258737295e-01 7.966320089688778694e-01 -1.232535451841078183e-01
-5.707182407926972845e-01 7.992812816273465737e-01 -1.232758830648706255e-01
-5.670332882482899128e-01 8.018855062262771893e-01 -1.232821323529411789e-01
-5.633408365581983324e-01 8.044722328186100224e-01 -1.232821323529411789e-01
-5.596326984902316726e-01 8.070546813078861570e-01 -1.232959648861581825e-01
-5.559156751313004685e-01 8.096347065359904560e-01 -1.233176326304981085e-01
-5.521849764685811124e-01 8.121948404131295041e-01 -1.233276142061461023e-01
-5.484433814408111729e-01 8.147391250320131784e-01 -1.233282843425689834e-01
-5.446986052594858796e-01 8.172600811914931818e-01 -1.233286363636363625e-01
-5.409503088674872950e-01 8.197552224726983860e-01 -1.233286363636363625e-01
-5.371800734854536019e-01 8.222354452406799297e-01 -1.233371486917698989e-01
-5.333759323915477912e-01 8.246926121245886643e-01 -1.233588164361098111e-01
-5.295697070935883044e-01 8.271435263963374807e-01 -1.233739536744160176e-01
-5.257588646354535156e-01 8.295805891875596139e-01 -1.233746238108389126e-01
-5.219459745382489801e-01 8.320058780541296217e-01 -1.233751403743315600e-01
-5.181261969278090351e-01 8.343915637195974400e-01 -1.233751403743315600e-01
-5.142988503658073585e-01 8.367719840274565613e-01 -1.233783324973816431e-01
-5.104276956296132095e-01 8.391219290837038658e-01 -1.234000002417215552e-01
-5.065558095937506833e-01 8.414702652806820282e-01 -1.234202931426859468e-01
-5.026734859171750891e-01 8.437956386680901533e-01 -1.234209632791088279e-01
-4.987911622405993839e-01 8.461210120554982783e-01 -1.234216334155317091e-01
-4.948934580023733321e-01 8.483826659732126574e-01 -1.234216443850267297e-01
-4.909954978092638811e-01 8.506432595064085112e-01 -1.234216443850267297e-01
-4.870733648380430880e-01 8.528978098450765710e-01 -1.234411840473332717e-01
-4.831485991880177799e-01 8.551517020140437797e-01 -1.234628517916731977e-01
-4.792073493786620508e-01 8.573726258643493692e-01 -1.234673027473787710e-01
-4.752624796359505299e-01 8.595863098479434861e-01 -1.234679728838016521e-01
-4.713044199065026807e-01 8.617521801296191830e-01 -1.234681483957219272e-01
-4.673416798591810695e-01 8.639010842590010286e-01 -1.234681483957219272e-01
-4.633622282848137153e-01 8.660441246946826155e-01 -1.234823678529450020e-01
-4.593740230534220093e-01 8.681840936717596380e-01 -1.235040355972849141e-01
-4.553677261330664194e-01 8.702919851861339318e-01 -1.235136422156486724e-01
-4.513480244897994931e-01 8.723761094613036171e-01 -1.235143123520715674e-01
-4.473332740776924665e-01 8.744448299061975405e-01 -1.235146524064171109e-01
-4.433236244807690074e-01 8.764976811482992902e-01 -1.235146524064171109e-01
-4.392934240335437113e-01 8.785312659682431580e-01 -1.235235516585567184e-01
-4.352337375837113664e-01 8.805372076607431708e-01 -1.235452194028966444e-01
-4.311722145744856238e-01 8.825372723631854655e-01 -1.235599816839186155e-01
-4.271069436544625564e-01 8.845253437510751660e-01 -1.235606518203414966e-01
-4.230411761154833084e-01 8.865001719667984226e-01 -1.235611564171122945e-01
-4.189738947861914586e-01 8.884346324408574080e-01 -1.235611564171122945e-01
-4.148987174149409984e-01 8.903620824103734011e-01 -1.235611564171122945e-01
-4.107836330208169406e-01 8.922541009109830057e-01 -1.235611564171122945e-01
-4.066680460243753403e-01 8.941442579215292952e-01 -1.235630179071758594e-01
-4.025469304024452688e-01 8.960139385413761204e-01 -1.235853557879386666e-01
-3.984257984924771678e-01 8.978835161144516075e-01 -1.236076604278074781e-01
-3.942937373089731579e-01 8.996839493039338054e-01 -1.236076604278074781e-01
-3.901616761254694810e-01 9.014843824934158922e-01 -1.236076604278074781e-01
-3.859965409172612660e-01 9.032601642359133765e-01 -1.236076604278074781e-01
-3.818285157457289580e-01 9.050337919684803278e-01 -1.236076604278074781e-01
-3.776724679331203149e-01 9.067793477660706092e-01 -1.236263750511251286e-01
-3.735187390052765455e-01 9.085194686774932249e-01 -1.236487129318879497e-01
-3.693292109642386523e-01 9.102224395657900757e-01 -1.236541644385026756e-01
-3.651281257291779658e-01 9.119134171395343325e-01 -1.236541644385026756e-01
-3.609243300316209990e-01 9.135923482132959350e-01 -1.236541644385026756e-01
-3.567192239780224150e-01 9.152654554824303235e-01 -1.236541644385026756e-01
-3.525090905716168344e-01 9.168962271489758953e-01 -1.236673943143116045e-01
-3.482954961233288294e-01 9.184978531996690343e-01 -1.236897321950743978e-01
-3.440698159508027709e-01 9.200937784370426531e-01 -1.237006684491978592e-01
-3.398325433489062797e-01 9.216842355473543469e-01 -1.237006684491978592e-01
-3.355847400317930052e-01 9.232498018762446135e-01 -1.237006684491978592e-01
-3.313228957610569458e-01 9.247821804965732362e-01 -1.237006684491978592e-01
-3.270660083724333811e-01 9.263037159372815577e-01 -1.237081812236490580e-01
-3.228184603453858048e-01 9.278048215245420227e-01 -1.237298489679889701e-01
-3.185594335728249016e-01 9.292923182898021883e-01 -1.237459548459461101e-01
-3.142685500570973622e-01 9.307420467513083384e-01 -1.237466249823689912e-01
-3.099752542496931329e-01 9.321844156788844371e-01 -1.237471724598930428e-01
-3.056711913843156991e-01 9.335939359550174954e-01 -1.237471724598930428e-01
-3.013686655778760604e-01 9.350002916980426626e-01 -1.237471724598930428e-01
-2.970797924714173588e-01 9.363785389411077853e-01 -1.237471724598930428e-01
-2.927901242427743411e-01 9.377557922814425684e-01 -1.237476045915149453e-01
-2.884601494357118545e-01 9.390826623987532651e-01 -1.237699424722777525e-01
-2.841301746286497565e-01 9.404095325160638508e-01 -1.237922803530405597e-01
-2.798062729329198750e-01 9.416903307543011969e-01 -1.237936764705882403e-01
-2.754827761112784712e-01 9.429680575339338677e-01 -1.237936764705882403e-01
-2.711397835053109273e-01 9.442343162051389793e-01 -1.237936764705882403e-01
-2.667935020452917860e-01 9.454986402563139158e-01 -1.237936764705882403e-01
-2.624314909942352947e-01 9.467145655658359971e-01 -1.238109617354642145e-01
-2.580648820627221562e-01 9.479163435508747293e-01 -1.238332996162270078e-01
-2.537039922270203363e-01 9.490841161013596761e-01 -1.238401804812834101e-01
-2.493456483113888900e-01 9.502367507487206044e-01 -1.238401804812834101e-01
-2.449735393415556350e-01 9.513812081361592288e-01 -1.238401804812834101e-01
-2.405926341663541801e-01 9.525204400550623118e-01 -1.238401804812834101e-01
-2.362127910377154472e-01 9.536230903701269357e-01 -1.238516269831296535e-01
-2.318338962717828300e-01 9.546930748586652804e-01 -1.238732947274695795e-01
-2.274412397757372972e-01 9.557481009449071419e-01 -1.238855885397036893e-01
-2.230315187343513972e-01 9.567845786123013729e-01 -1.238862586761265705e-01
-2.186184586451643819e-01 9.578055826435422082e-01 -1.238866844919786075e-01
-2.141995790726661519e-01 9.587996183374870585e-01 -1.238866844919786075e-01
-2.097858152737533677e-01 9.597854435306159004e-01 -1.238866844919786075e-01
-2.053850293846727904e-01 9.607504399795691041e-01 -1.238866844919786075e-01
-2.009767942112488937e-01 9.617042176267999176e-01 -1.238911720126675692e-01
-1.965389274401022623e-01 9.626133693738461172e-01 -1.239135098934303625e-01
-1.921025764537212799e-01 9.635166707235498507e-01 -1.239331885026737912e-01
-1.876774422746094462e-01 9.643766791329178023e-01 -1.239331885026737912e-01
-1.832512277664428701e-01 9.652353579065260369e-01 -1.239331885026737912e-01
-1.787970543423391956e-01 9.660596257066735859e-01 -1.239331885026737912e-01
-1.743428809182359096e-01 9.668838935068211349e-01 -1.239331885026737912e-01
-1.698880672745141374e-01 9.676868206530256922e-01 -1.239538889369985464e-01
-1.654332237139873873e-01 9.684887505724104617e-01 -1.239755566813384724e-01
-1.609838436267975736e-01 9.692321432774748668e-01 -1.239788827651913394e-01
-1.565352546728848160e-01 9.699670595545711871e-01 -1.239795529016142206e-01
-1.520649142075790050e-01 9.706719127671409320e-01 -1.239796925133689887e-01
-1.475888496603281752e-01 9.713688546469403384e-01 -1.239796925133689887e-01
-1.431232500113238382e-01 9.720309135325843064e-01 -1.239796925133689887e-01
-1.386619284653758666e-01 9.726787120747056870e-01 -1.239796925133689887e-01
-1.341834931775653106e-01 9.733040663652035018e-01 -1.239937201706337311e-01
-1.296949194170871067e-01 9.739161242981043687e-01 -1.240160580513965383e-01
-1.252064676506895735e-01 9.745159828229101873e-01 -1.240261965240641723e-01
-1.207181172690191817e-01 9.751057028750482747e-01 -1.240261965240641723e-01
-1.162342264856867230e-01 9.756632723345169955e-01 -1.240261965240641723e-01
-1.117554813927437579e-01 9.761837449562904556e-01 -1.240261965240641723e-01
-1.072669119535817756e-01 9.766905489224542158e-01 -1.240261965240641723e-01
-1.027624782977619861e-01 9.771752809350070512e-01 -1.240261965240641723e-01
-9.826321493059381185e-02 9.776452406942698348e-01 -1.240329111846506099e-01
-9.377598144296117599e-02 9.780808293691445332e-01 -1.240552490654134171e-01
-8.928307971808532861e-02 9.785076225034688990e-01 -1.240727005347593559e-01
-8.476993428876802850e-02 9.789030029929705057e-01 -1.240727005347593559e-01
-8.025642187998066612e-02 9.792928787904270349e-01 -1.240727005347593559e-01
-7.574059590497184136e-02 9.796480510945556608e-01 -1.240727005347593559e-01
-7.122571696303288402e-02 9.800006405812211607e-01 -1.240738935504447360e-01
-6.672709115621121290e-02 9.803089033357478277e-01 -1.240955612947846620e-01
-6.222846534938993035e-02 9.806171660902746057e-01 -1.241172290391245742e-01
-5.770723041611068582e-02 9.808862976643936138e-01 -1.241184616114738154e-01
-5.318537321329550732e-02 9.811543522335473000e-01 -1.241191317478967104e-01
-4.867974371631434566e-02 9.813805930821480894e-01 -1.241192045454545534e-01
-4.417609188632125317e-02 9.816017381016998167e-01 -1.241192045454545534e-01
-3.965357943900384846e-02 9.817903336378543955e-01 -1.241192045454545534e-01
-3.512662919937534212e-02 9.819712704720331420e-01 -1.241192045454545534e-01
-3.060127192986859118e-02 9.821375779887658863e-01 -1.241349716987018986e-01
-2.607651080255424247e-02 9.822984107302581425e-01 -1.241566394430418246e-01
-2.156238204111088005e-02 9.824159638277722983e-01 -1.241647462322686551e-01
-1.705408393191912286e-02 9.825097829269759941e-01 -1.241654163686915363e-01
-1.253352767797222267e-02 9.825796652584160018e-01 -1.241657085561497231e-01
-8.003494810798449099e-03 9.826310423841705388e-01 -1.241657085561497231e-01
-3.483402699454758028e-03 9.826608794106180822e-01 -1.241657085561497231e-01
1.026012303775540070e-03 9.826675807748468383e-01 -1.241657085561497231e-01
5.544029319070971698e-03 9.826581868982046108e-01 -1.241746503566336507e-01
1.007493336359468854e-02 9.826246800770603862e-01 -1.241969882373964579e-01
1.459861003998296804e-02 9.825769461532875004e-01 -1.242122125668449206e-01
1.910681879765188315e-02 9.824987635706176059e-01 -1.242122125668449206e-01
2.362007501886869906e-02 9.824105389138727551e-01 -1.242122125668449206e-01
2.814961645266588625e-02 9.822899143577535908e-01 -1.242122125668449206e-01
3.267886057990760512e-02 9.821627214009815976e-01 -1.242122125668449206e-01
3.720648095595918692e-02 9.819996548714130524e-01 -1.242122125668449206e-01
4.173253930916116794e-02 9.818317019304276805e-01 -1.242138413706505434e-01
4.623873765756143089e-02 9.816016217585707970e-01 -1.242361792514133506e-01
5.074493600596129833e-02 9.813715415867139136e-01 -1.242585171321761578e-01
5.526842447240785244e-02 9.811237506665378971e-01 -1.242587165775401042e-01
5.979206870568405663e-02 9.808758001900708123e-01 -1.242587165775401042e-01
6.429418414155682604e-02 9.805851983225221113e-01 -1.242587165775401042e-01
6.879415022122406520e-02 9.802903382964530676e-01 -1.242587165775401042e-01
7.330927148928048642e-02 9.799622107836766238e-01 -1.242587165775401042e-01
7.782755463117302375e-02 9.796271425722344883e-01 -1.242587165775401042e-01
8.232751871638656349e-02 9.792587669850121301e-01 -1.242748706547935345e-01
8.682123018944060133e-02 9.788790230120444358e-01 -1.242965383991334466e-01
9.132680201347069537e-02 9.784725932493797407e-01 -1.243042702310760556e-01
9.583838379113458761e-02 9.780526410910389545e-01 -1.243049403674989367e-01
1.003346288851286183e-01 9.776066945535962782e-01 -1.243052205882352879e-01
1.048198519634922082e-01 9.771420666337299332e-01 -1.243052205882352879e-01
1.093140101941610098e-01 9.766562177271388423e-01 -1.243052205882352879e-01
1.138171035771354256e-01 9.761491478338231165e-01 -1.243052205882352879e-01
1.183177683803943725e-01 9.756233965580838330e-01 -1.243142810587107572e-01
1.228150539143700731e-01 9.750716509032424373e-01 -1.243359488030506832e-01
1.273035498911566643e-01 9.745063828527250616e-01 -1.243505548518708814e-01
1.317747001046396804e-01 9.739144290125107961e-01 -1.243512249882937626e-01
1.362494313596325224e-01 9.733059910129656656e-01 -1.243517245989304715e-01
1.407346544379963205e-01 9.726492573185391288e-01 -1.243517245989304715e-01
1.452153275027908141e-01 9.719886676804094794e-01 -1.243517245989304715e-01
1.496741918818545181e-01 9.713095961052202743e-01 -1.243517245989304715e-01
1.541344148162556438e-01 9.706266719104171825e-01 -1.243536914626279938e-01
1.586082455754305731e-01 9.699051583617785965e-01 -1.243753592069679198e-01
1.630818170556319890e-01 9.691832858114848293e-01 -1.243968394726657350e-01
1.675266085698151053e-01 9.684215640774731515e-01 -1.243975096090886162e-01
1.719714000839985824e-01 9.676598423434613627e-01 -1.243981797455114974e-01
1.764298595889734478e-01 9.668567024555353440e-01 -1.243982286096256690e-01
1.808893941044599774e-01 9.660503049599981074e-01 -1.243982286096256690e-01
1.853236283107113913e-01 9.652099219744431080e-01 -1.243982286096256690e-01
1.897532300659755811e-01 9.643633162935327796e-01 -1.243982286096256690e-01
1.941916991621213118e-01 9.634655528767682720e-01 -1.243982286096256690e-01
1.986329166153827652e-01 9.625519335535693832e-01 -1.243982286096256690e-01
2.030694145265147799e-01 9.616246123338670904e-01 -1.244134529390741317e-01
2.075037072367393598e-01 9.606908889179818223e-01 -1.244357908198369389e-01
2.119199152385877194e-01 9.597343921656223964e-01 -1.244447326203208665e-01
2.163240518097823417e-01 9.587626943524404366e-01 -1.244447326203208665e-01
2.207342036531538820e-01 9.577667040939288334e-01 -1.244447326203208665e-01
2.251499559223457125e-01 9.567480967311446927e-01 -1.244447326203208665e-01
2.295510014228081541e-01 9.557031924971234327e-01 -1.244447326203208665e-01
2.339330234920477813e-01 9.546242728562799318e-01 -1.244447326203208665e-01
2.383198714742775226e-01 9.535374418826662035e-01 -1.244524066131079271e-01
2.427155196507822521e-01 9.524361843610598122e-01 -1.244740743574478392e-01
2.471025906794102334e-01 9.513245855973325726e-01 -1.244900240032032063e-01
2.514667424440396037e-01 9.501853536784294896e-01 -1.244906941396260874e-01
2.558321706589986588e-01 9.490329317727902447e-01 -1.244912366310160362e-01
2.602030237878568686e-01 9.478244524235224233e-01 -1.244912366310160362e-01
2.645706495583173834e-01 9.466145171230977429e-01 -1.244912366310160362e-01
2.689117933057612597e-01 9.453926350453721872e-01 -1.244912366310160362e-01
2.732532063044461057e-01 9.441694964618538854e-01 -1.244912366310160362e-01
2.776044020982330607e-01 9.429007048345264819e-01 -1.244912366310160362e-01
2.819555978920203487e-01 9.416319132071989673e-01 -1.244912366310160362e-01
2.862749206546028047e-01 9.403272380348068893e-01 -1.245123445987011412e-01
2.905923862484379172e-01 9.390204720101827940e-01 -1.245346824794639484e-01
2.949135149887912033e-01 9.376577948018636199e-01 -1.245377406417112337e-01
2.992352247799711096e-01 9.362862489230273644e-01 -1.245377406417112337e-01
3.035335496022275037e-01 9.349024870156490419e-01 -1.245377406417112337e-01
3.078253266331857363e-01 9.335153046202786520e-01 -1.245377406417112337e-01
3.121194471471700482e-01 9.320812525643792368e-01 -1.245377406417112337e-01
3.164145748602423813e-01 9.306270565267205086e-01 -1.245377406417112337e-01
3.207037707357820455e-01 9.291604450151557115e-01 -1.245377406417112337e-01
3.249892931601261470e-01 9.276861448848106040e-01 -1.245377406417112337e-01
3.292562671656226736e-01 9.261926979995259712e-01 -1.245497073635484508e-01
3.335071658747850165e-01 9.246826572599601279e-01 -1.245720452443112580e-01
3.377581659686736404e-01 9.231422011023915353e-01 -1.245842446524064173e-01
3.420092880566432125e-01 9.215651467205374647e-01 -1.245842446524064173e-01
3.462494406495956190e-01 9.199831062045843444e-01 -1.245842446524064173e-01
3.504710767349580869e-01 9.183926490942726506e-01 -1.245842446524064173e-01
3.546923887216041904e-01 9.167827460609754286e-01 -1.245842446524064173e-01
3.589129079129287359e-01 9.151252753083752856e-01 -1.245842446524064173e-01
3.631271911125407148e-01 9.134650123206796701e-01 -1.245842446524064173e-01
3.673177775436430870e-01 9.117941388396216817e-01 -1.245842446524064173e-01
3.715089008151833405e-01 9.101173318589861339e-01 -1.245870701283957604e-01
3.757037314436308950e-01 9.083995488283264086e-01 -1.246094080091585676e-01
3.798966274520476638e-01 9.066794721759813269e-01 -1.246307486631016009e-01
3.840481225918151442e-01 9.049103120195670646e-01 -1.246307486631016009e-01
3.881996177315829577e-01 9.031411518631526913e-01 -1.246307486631016009e-01
3.923605758890520989e-01 9.013440327908015526e-01 -1.246307486631016009e-01
3.965218996963552067e-01 8.995458333893956437e-01 -1.246307486631016009e-01
4.006442598573565217e-01 8.977023731867297407e-01 -1.246307486631016009e-01
4.047613546607491397e-01 8.958527966595695169e-01 -1.246307486631016009e-01
4.088864821261750659e-01 8.939835847363279964e-01 -1.246307486631016009e-01
4.130136289759114843e-01 8.921094365403284820e-01 -1.246307486631016009e-01
4.171072896138575126e-01 8.901968352781588489e-01 -1.246467707740058772e-01
4.211877502927992567e-01 8.882690761683287306e-01 -1.246691086547686844e-01
4.252747401481392076e-01 8.863242844244167973e-01 -1.246772526737967846e-01
4.293654762522316481e-01 8.843697198576713214e-01 -1.246772526737967846e-01
4.334298736015604891e-01 8.823867143820260939e-01 -1.246772526737967846e-01
4.374730300196287280e-01 8.803807726895258590e-01 -1.246772526737967846e-01
4.415208228775905908e-01 8.783632398972908151e-01 -1.246772526737967846e-01
4.455738079631940685e-01 8.763327265359517337e-01 -1.246772526737967846e-01
4.496078071797852127e-01 8.742821822118927999e-01 -1.246772526737967846e-01
4.536120956853256225e-01 8.722002917247994036e-01 -1.246772526737967846e-01
4.576192741541897924e-01 8.701101441996382801e-01 -1.246839271129014937e-01
4.616329445696507050e-01 8.680014482556295263e-01 -1.247055948572414197e-01
4.656354992301610096e-01 8.658816365566693873e-01 -1.247225131426477340e-01
4.696000263079437298e-01 8.637237972749822745e-01 -1.247231832790706152e-01
4.735642954363891155e-01 8.615595092598606897e-01 -1.247237566844919820e-01
4.775270354837110598e-01 8.593569942166480180e-01 -1.247237566844919820e-01
4.814878209664659181e-01 8.571537811146616725e-01 -1.247237566844919820e-01
4.854192879807197047e-01 8.549400971310675557e-01 -1.247237566844919820e-01
4.893507549949738800e-01 8.527264131474733277e-01 -1.247237566844919820e-01
4.932734597095713713e-01 8.504492024913705706e-01 -1.247237566844919820e-01
4.971959915715200573e-01 8.481707386535644044e-01 -1.247237566844919820e-01
5.010884071835119968e-01 8.458822360657723971e-01 -1.247237566844919820e-01
5.049774322243162361e-01 8.435926032875848968e-01 -1.247237566844919820e-01
5.088555077146397210e-01 8.412518726071523956e-01 -1.247420059352937344e-01
5.127311300269868921e-01 8.388996937628286910e-01 -1.247643438160565277e-01
5.165771945363957229e-01 8.365261676163834315e-01 -1.247702606951871518e-01
5.204126086633695802e-01 8.341449495270684134e-01 -1.247702606951871518e-01
5.242524006160822481e-01 8.317462201347980422e-01 -1.247702606951871518e-01
5.280945161072847505e-01 8.293381965885676665e-01 -1.247702606951871518e-01
5.319059967905840347e-01 8.269046440357511463e-01 -1.247702606951871518e-01
5.356945013679563772e-01 8.244519447279946567e-01 -1.247702606951871518e-01
5.394808186945032613e-01 8.219762792865794587e-01 -1.247702606951871518e-01
5.432648556957226926e-01 8.194766704292214543e-01 -1.247702606951871518e-01
5.470361414900067887e-01 8.169743291703771559e-01 -1.247790954599924257e-01
5.507889054581576183e-01 8.144680189487907285e-01 -1.248007632043323517e-01
5.545358456216817888e-01 8.119398694598508603e-01 -1.248155879782350264e-01
5.582707392852235273e-01 8.093665455959752064e-01 -1.248162581146579075e-01
5.619958202368579014e-01 8.067877702254854233e-01 -1.248167647058823493e-01
5.656905057150261040e-01 8.041921084808473230e-01 -1.248167647058823493e-01
5.693855535189388251e-01 8.015920988272750014e-01 -1.248167647058823493e-01
5.730824727851827616e-01 7.989696316257219877e-01 -1.248167647058823493e-01
5.767750840315658545e-01 7.963435744076172718e-01 -1.248167647058823493e-01
5.804183923839799641e-01 7.936764314445379220e-01 -1.248167647058823493e-01
5.840617007363934077e-01 7.910092884814589054e-01 -1.248167647058823493e-01
5.876983176968466616e-01 7.882975362386421825e-01 -1.248167647058823493e-01
5.913349246850315710e-01 7.855857175140373849e-01 -1.248167647058823493e-01
5.949285312527475833e-01 7.828534223987339002e-01 -1.248167647058823493e-01
5.985182286913306449e-01 7.801192657933663233e-01 -1.248167647058823493e-01
6.021135205723727735e-01 7.773608666040100479e-01 -1.248354128474120223e-01
6.057099193751842581e-01 7.745976707536511574e-01 -1.248577507281748294e-01
6.092625864578600225e-01 7.718041990970436750e-01 -1.248632687165775468e-01
6.128009067706886581e-01 7.690007950613113596e-01 -1.248632687165775468e-01
6.163332304262404415e-01 7.661674077391985582e-01 -1.248632687165775468e-01
6.198626155867639209e-01 7.633193279419407951e-01 -1.248632687165775468e-01
6.233656739592456919e-01 7.604594010900639356e-01 -1.248632687165775468e-01
6.268503833582431684e-01 7.575912172001196820e-01 -1.248632687165775468e-01
6.303373597862114153e-01 7.547071641073832549e-01 -1.248632687165775468e-01
6.338265367613619139e-01 7.518077071843708437e-01 -1.248632687165775468e-01
6.372900451181708892e-01 7.488930392282682202e-01 -1.248632687165775468e-01
6.407189098152616946e-01 7.459578416960354064e-01 -1.248632687165775468e-01
6.441447030537477136e-01 7.430065190061269087e-01 -1.248707170036943981e-01
6.475646325985332519e-01 7.400244119242923579e-01 -1.248923847480343102e-01
6.509722763088996444e-01 7.370376245245833235e-01 -1.249085531188721399e-01
6.543452963040834458e-01 7.340376471381384604e-01 -1.249092232552950210e-01
6.577163052251802089e-01 7.310292232405306567e-01 -1.249097727272727165e-01
6.610781562799825650e-01 7.279823363044837237e-01 -1.249097727272727165e-01
6.644354001468776305e-01 7.249339136391343974e-01 -1.249097727272727165e-01
6.677503416520779167e-01 7.218713901865539961e-01 -1.249097727272727165e-01
6.710653197222621325e-01 7.188083548242054643e-01 -1.249097727272727165e-01
6.743824950155389297e-01 7.157145583385565724e-01 -1.249097727272727165e-01
6.776996703088152829e-01 7.126207618529083465e-01 -1.249097727272727165e-01
