-4.000000000000000000e+00 4.009399999999999977e+02
-3.958333333333333481e+00 4.008799999999999955e+02
-3.916666666666666519e+00 4.020699999999999932e+02
-3.875000000000000000e+00 4.010199999999999818e+02
-3.833333333333333481e+00 4.014800000000000182e+02
-3.791666666666666519e+00 4.007500000000000000e+02
-3.750000000000000000e+00 4.008100000000000023e+02
-3.708333333333333481e+00 4.000799999999999841e+02
-3.666666666666666519e+00 4.020400000000000205e+02
-3.625000000000000000e+00 4.020400000000000205e+02
-3.583333333333333481e+00 4.023700000000000045e+02
-3.541666666666666519e+00 4.022900000000000205e+02
-3.500000000000000000e+00 4.014200000000000159e+02
-3.458333333333333481e+00 4.013199999999999932e+02
-3.416666666666666963e+00 4.016600000000000250e+02
-3.375000000000000000e+00 4.021499999999999773e+02
-3.333333333333333481e+00 4.029800000000000182e+02
-3.291666666666666963e+00 4.033199999999999932e+02
-3.250000000000000000e+00 4.031999999999999886e+02
-3.208333333333333481e+00 4.035799999999999841e+02
-3.166666666666666963e+00 4.020400000000000205e+02
-3.125000000000000000e+00 4.018899999999999864e+02
-3.083333333333333481e+00 4.038799999999999955e+02
-3.041666666666666963e+00 4.039599999999999795e+02
-3.000000000000000000e+00 4.053299999999999841e+02
-2.958333333333333481e+00 4.044800000000000182e+02
-2.916666666666666963e+00 4.040699999999999932e+02
-2.875000000000000000e+00 4.047300000000000182e+02
-2.833333333333333481e+00 4.044100000000000250e+02
-2.791666666666666963e+00 4.039399999999999977e+02
-2.750000000000000000e+00 4.046999999999999886e+02
-2.708333333333333481e+00 4.052599999999999909e+02
-2.666666666666666963e+00 4.060699999999999932e+02
-2.625000000000000000e+00 4.050199999999999818e+02
-2.583333333333333481e+00 4.060500000000000114e+02
-2.541666666666666963e+00 4.051899999999999977e+02
-2.500000000000000000e+00 4.055199999999999818e+02
-2.458333333333333481e+00 4.054700000000000273e+02
-2.416666666666666963e+00 4.060500000000000114e+02
-2.375000000000000000e+00 4.066299999999999955e+02
-2.333333333333333481e+00 4.068700000000000045e+02
-2.291666666666666963e+00 4.072300000000000182e+02
-2.250000000000000000e+00 4.073399999999999750e+02
-2.208333333333333481e+00 4.081999999999999886e+02
-2.166666666666666963e+00 4.077799999999999727e+02
-2.125000000000000000e+00 4.076800000000000068e+02
-2.083333333333333481e+00 4.075699999999999932e+02
-2.041666666666666963e+00 4.086700000000000159e+02
-2.000000000000000000e+00 4.078199999999999932e+02
-1.958333333333333481e+00 4.088000000000000114e+02
-1.916666666666666963e+00 4.082099999999999795e+02
-1.875000000000000000e+00 4.080699999999999932e+02
-1.833333333333333481e+00 4.091800000000000068e+02
-1.791666666666666963e+00 4.088799999999999955e+02
-1.750000000000000000e+00 4.080299999999999727e+02
-1.708333333333333481e+00 4.086999999999999886e+02
-1.666666666666666963e+00 4.094800000000000182e+02
-1.625000000000000000e+00 4.099599999999999795e+02
-1.583333333333333481e+00 4.101200000000000045e+02
-1.541666666666666963e+00 4.097900000000000205e+02
-1.500000000000000000e+00 4.088100000000000023e+02
-1.458333333333333481e+00 4.098600000000000136e+02
-1.416666666666666963e+00 4.093000000000000114e+02
-1.375000000000000000e+00 4.086700000000000159e+02
-1.333333333333333481e+00 4.092300000000000182e+02
-1.291666666666666963e+00 4.104399999999999977e+02
-1.250000000000000000e+00 4.100500000000000114e+02
-1.208333333333333481e+00 4.103299999999999841e+02
-1.166666666666666963e+00 4.104599999999999795e+02
-1.125000000000000000e+00 4.097200000000000273e+02
-1.083333333333333481e+00 4.087699999999999818e+02
-1.041666666666666963e+00 4.091499999999999773e+02
-1.000000000000000000e+00 4.107699999999999818e+02
-9.583333333333334814e-01 4.093100000000000023e+02
-9.166666666666669627e-01 4.099900000000000091e+02
-8.750000000000000000e-01 4.092300000000000182e+02
-8.333333333333334814e-01 4.105000000000000000e+02
-7.916666666666669627e-01 4.093199999999999932e+02
-7.500000000000000000e-01 4.094399999999999977e+02
-7.083333333333334814e-01 4.108500000000000227e+02
-6.666666666666669627e-01 4.105600000000000023e+02
-6.250000000000000000e-01 4.119399999999999977e+02
-5.833333333333334814e-01 4.114399999999999977e+02
-5.416666666666669627e-01 4.124499999999999886e+02
-5.000000000000000000e-01 4.128600000000000136e+02
-4.583333333333334814e-01 4.133799999999999955e+02
-4.166666666666669627e-01 4.153000000000000114e+02
-3.750000000000000000e-01 4.143700000000000045e+02
-3.333333333333334814e-01 4.138000000000000114e+02
-2.916666666666669627e-01 4.154800000000000182e+02
-2.500000000000000000e-01 4.165000000000000000e+02
-2.083333333333334814e-01 4.119900000000000091e+02
-1.666666666666669627e-01 4.115299999999999727e+02
-1.250000000000000000e-01 4.081999999999999886e+02
-8.333333333333348136e-02 4.050099999999999909e+02
-4.166666666666696273e-02 4.039200000000000159e+02
0.000000000000000000e+00 4.021000000000000227e+02
4.166666666666607455e-02 4.028399999999999750e+02
8.333333333333303727e-02 4.020600000000000023e+02
1.250000000000000000e-01 4.020600000000000023e+02
1.666666666666660745e-01 4.038000000000000114e+02
2.083333333333330373e-01 4.033500000000000227e+02
2.500000000000000000e-01 4.039499999999999886e+02
2.916666666666660745e-01 4.026100000000000136e+02
3.333333333333330373e-01 4.030600000000000023e+02
3.750000000000000000e-01 4.032799999999999727e+02
4.166666666666660745e-01 4.016800000000000068e+02
4.583333333333330373e-01 4.008199999999999932e+02
5.000000000000000000e-01 4.006000000000000227e+02
5.416666666666660745e-01 4.010699999999999932e+02
5.833333333333330373e-01 4.006800000000000068e+02
6.250000000000000000e-01 4.010400000000000205e+02
6.666666666666660745e-01 4.006899999999999977e+02
7.083333333333330373e-01 3.994399999999999977e+02
7.500000000000000000e-01 4.006700000000000159e+02
7.916666666666660745e-01 4.000600000000000023e+02
8.333333333333330373e-01 4.005600000000000023e+02
8.750000000000000000e-01 4.008399999999999750e+02
9.166666666666660745e-01 4.010799999999999841e+02
9.583333333333330373e-01 4.004599999999999795e+02
1.000000000000000000e+00 4.001899999999999977e+02
1.041666666666666075e+00 3.999399999999999977e+02
1.083333333333333037e+00 4.001800000000000068e+02
1.125000000000000000e+00 4.001299999999999955e+02
1.166666666666666075e+00 4.001200000000000045e+02
1.208333333333333037e+00 3.994499999999999886e+02
1.250000000000000000e+00 3.984300000000000068e+02
1.291666666666666075e+00 3.993199999999999932e+02
1.333333333333333037e+00 3.998999999999999773e+02
1.375000000000000000e+00 3.997099999999999795e+02
1.416666666666666075e+00 3.986100000000000136e+02
1.458333333333333037e+00 3.991700000000000159e+02
1.500000000000000000e+00 4.003700000000000045e+02
1.541666666666666075e+00 4.002900000000000205e+02
1.583333333333333037e+00 3.992799999999999727e+02
1.625000000000000000e+00 4.002500000000000000e+02
1.666666666666666075e+00 4.000899999999999750e+02
1.708333333333333037e+00 4.008500000000000227e+02
1.750000000000000000e+00 4.006200000000000045e+02
1.791666666666666075e+00 3.994900000000000091e+02
1.833333333333333037e+00 4.000799999999999841e+02
1.875000000000000000e+00 4.005400000000000205e+02
1.916666666666666075e+00 4.015799999999999841e+02
1.958333333333333037e+00 4.008399999999999750e+02
2.000000000000000000e+00 4.011200000000000045e+02
2.041666666666666075e+00 4.016800000000000068e+02
2.083333333333333037e+00 4.023399999999999750e+02
2.125000000000000000e+00 4.012900000000000205e+02
2.166666666666666075e+00 4.008299999999999841e+02
2.208333333333333037e+00 4.006700000000000159e+02
2.250000000000000000e+00 4.010000000000000000e+02
2.291666666666666075e+00 4.021800000000000068e+02
2.333333333333333037e+00 4.022699999999999818e+02
2.375000000000000000e+00 4.028000000000000114e+02
2.416666666666666075e+00 4.015199999999999818e+02
2.458333333333333037e+00 4.023399999999999750e+02
2.500000000000000000e+00 4.029200000000000159e+02
2.541666666666666075e+00 4.023500000000000227e+02
2.583333333333333037e+00 4.033100000000000023e+02
2.625000000000000000e+00 4.029700000000000273e+02
2.666666666666666075e+00 4.021899999999999977e+02
2.708333333333333037e+00 4.012500000000000000e+02
2.750000000000000000e+00 4.018700000000000045e+02
2.791666666666666075e+00 4.016899999999999977e+02
2.833333333333333037e+00 4.006100000000000136e+02
2.875000000000000000e+00 4.020899999999999750e+02
2.916666666666666075e+00 4.024300000000000068e+02
2.958333333333333037e+00 4.031600000000000250e+02
3.000000000000000000e+00 4.033100000000000023e+02
3.041666666666666075e+00 4.033100000000000023e+02
3.083333333333333037e+00 4.019900000000000091e+02
3.125000000000000000e+00 4.016399999999999864e+02
3.166666666666666075e+00 4.015600000000000023e+02
3.208333333333333037e+00 4.015799999999999841e+02
3.250000000000000000e+00 4.009700000000000273e+02
3.291666666666666075e+00 4.000699999999999932e+02
3.333333333333333037e+00 4.009700000000000273e+02
3.375000000000000000e+00 3.994200000000000159e+02
3.416666666666666075e+00 3.995899999999999750e+02
3.458333333333333037e+00 3.991399999999999864e+02
3.500000000000000000e+00 3.994700000000000273e+02
3.541666666666666075e+00 3.991299999999999955e+02
3.583333333333333037e+00 3.989499999999999886e+02
3.625000000000000000e+00 4.002500000000000000e+02
3.666666666666666075e+00 4.009599999999999795e+02
3.708333333333333037e+00 4.009599999999999795e+02
3.750000000000000000e+00 4.003500000000000227e+02
3.791666666666666075e+00 4.011299999999999955e+02
3.833333333333333037e+00 4.006899999999999977e+02
3.875000000000000000e+00 4.007300000000000182e+02
3.916666666666666075e+00 4.015699999999999932e+02
3.958333333333333037e+00 4.021700000000000159e+02
4.000000000000000000e+00 4.017200000000000273e+02
