-4.000000000000000000e+00 4.613899999999999864e+02
-3.958333333333333481e+00 4.603600000000000136e+02
-3.916666666666666519e+00 4.597200000000000273e+02
-3.875000000000000000e+00 4.598500000000000227e+02
-3.833333333333333481e+00 4.597599999999999909e+02
-3.791666666666666519e+00 4.596000000000000227e+02
-3.750000000000000000e+00 4.599900000000000091e+02
-3.708333333333333481e+00 4.595199999999999818e+02
-3.666666666666666519e+00 4.595199999999999818e+02
-3.625000000000000000e+00 4.577200000000000273e+02
-3.583333333333333481e+00 4.563899999999999864e+02
-3.541666666666666519e+00 4.581200000000000045e+02
-3.500000000000000000e+00 4.574200000000000159e+02
-3.458333333333333481e+00 4.565699999999999932e+02
-3.416666666666666963e+00 4.593399999999999750e+02
-3.375000000000000000e+00 4.576299999999999955e+02
-3.333333333333333481e+00 4.566399999999999864e+02
-3.291666666666666963e+00 4.571800000000000068e+02
-3.250000000000000000e+00 4.584800000000000182e+02
-3.208333333333333481e+00 4.566200000000000045e+02
-3.166666666666666963e+00 4.583199999999999932e+02
-3.125000000000000000e+00 4.583399999999999750e+02
-3.083333333333333481e+00 4.589900000000000091e+02
-3.041666666666666963e+00 4.588199999999999932e+02
-3.000000000000000000e+00 4.592599999999999909e+02
-2.958333333333333481e+00 4.597900000000000205e+02
-2.916666666666666963e+00 4.594300000000000068e+02
-2.875000000000000000e+00 4.595799999999999841e+02
-2.833333333333333481e+00 4.591700000000000159e+02
-2.791666666666666963e+00 4.609800000000000182e+02
-2.750000000000000000e+00 4.611499999999999773e+02
-2.708333333333333481e+00 4.603500000000000227e+02
-2.666666666666666963e+00 4.609100000000000250e+02
-2.625000000000000000e+00 4.609499999999999886e+02
-2.583333333333333481e+00 4.606399999999999864e+02
-2.541666666666666963e+00 4.598999999999999773e+02
-2.500000000000000000e+00 4.613799999999999955e+02
-2.458333333333333481e+00 4.608399999999999750e+02
-2.416666666666666963e+00 4.607900000000000205e+02
-2.375000000000000000e+00 4.598999999999999773e+02
-2.333333333333333481e+00 4.581600000000000250e+02
-2.291666666666666963e+00 4.578299999999999841e+02
-2.250000000000000000e+00 4.589200000000000159e+02
-2.208333333333333481e+00 4.597799999999999727e+02
-2.166666666666666963e+00 4.589599999999999795e+02
-2.125000000000000000e+00 4.606999999999999886e+02
-2.083333333333333481e+00 4.605799999999999841e+02
-2.041666666666666963e+00 4.608999999999999773e+02
-2.000000000000000000e+00 4.606800000000000068e+02
-1.958333333333333481e+00 4.614599999999999795e+02
-1.916666666666666963e+00 4.620600000000000023e+02
-1.875000000000000000e+00 4.625600000000000023e+02
-1.833333333333333481e+00 4.625299999999999727e+02
-1.791666666666666963e+00 4.621399999999999864e+02
-1.750000000000000000e+00 4.611899999999999977e+02
-1.708333333333333481e+00 4.614200000000000159e+02
-1.666666666666666963e+00 4.622200000000000273e+02
-1.625000000000000000e+00 4.618100000000000023e+02
-1.583333333333333481e+00 4.609900000000000091e+02
-1.541666666666666963e+00 4.614700000000000273e+02
-1.500000000000000000e+00 4.627300000000000182e+02
-1.458333333333333481e+00 4.622699999999999818e+02
-1.416666666666666963e+00 4.636000000000000227e+02
-1.375000000000000000e+00 4.623000000000000114e+02
-1.333333333333333481e+00 4.633700000000000045e+02
-1.291666666666666963e+00 4.628399999999999750e+02
-1.250000000000000000e+00 4.618600000000000136e+02
-1.208333333333333481e+00 4.620199999999999818e+02
-1.166666666666666963e+00 4.625299999999999727e+02
-1.125000000000000000e+00 4.625699999999999932e+02
-1.083333333333333481e+00 4.621200000000000045e+02
-1.041666666666666963e+00 4.636200000000000045e+02
-1.000000000000000000e+00 4.637699999999999818e+02
-9.583333333333334814e-01 4.659100000000000250e+02
-9.166666666666669627e-01 4.655199999999999818e+02
-8.750000000000000000e-01 4.648899999999999864e+02
-8.333333333333334814e-01 4.627300000000000182e+02
-7.916666666666669627e-01 4.630299999999999727e+02
-7.500000000000000000e-01 4.625600000000000023e+02
-7.083333333333334814e-01 4.594499999999999886e+02
-6.666666666666669627e-01 4.577200000000000273e+02
-6.250000000000000000e-01 4.580699999999999932e+02
-5.833333333333334814e-01 4.538700000000000045e+02
-5.416666666666669627e-01 4.536299999999999955e+02
-5.000000000000000000e-01 4.549700000000000273e+02
-4.583333333333334814e-01 4.550299999999999727e+02
-4.166666666666669627e-01 4.551200000000000045e+02
-3.750000000000000000e-01 4.550699999999999932e+02
-3.333333333333334814e-01 4.547400000000000091e+02
-2.916666666666669627e-01 4.560299999999999727e+02
-2.500000000000000000e-01 4.580699999999999932e+02
-2.083333333333334814e-01 4.613299999999999841e+02
-1.666666666666669627e-01 4.606000000000000227e+02
-1.250000000000000000e-01 4.602699999999999818e+02
-8.333333333333348136e-02 4.621499999999999773e+02
-4.166666666666696273e-02 4.618299999999999841e+02
0.000000000000000000e+00 4.601999999999999886e+02
4.166666666666607455e-02 4.583399999999999750e+02
8.333333333333303727e-02 4.563600000000000136e+02
1.250000000000000000e-01 4.525299999999999727e+02
1.666666666666660745e-01 4.502200000000000273e+02
2.083333333333330373e-01 4.496700000000000159e+02
2.500000000000000000e-01 4.492599999999999909e+02
2.916666666666660745e-01 4.479700000000000273e+02
3.333333333333330373e-01 4.491299999999999955e+02
3.750000000000000000e-01 4.479200000000000159e+02
4.166666666666660745e-01 4.484399999999999977e+02
4.583333333333330373e-01 4.477799999999999727e+02
5.000000000000000000e-01 4.483799999999999955e+02
5.416666666666660745e-01 4.492500000000000000e+02
5.833333333333330373e-01 4.481800000000000068e+02
6.250000000000000000e-01 4.493700000000000045e+02
6.666666666666660745e-01 4.490400000000000205e+02
7.083333333333330373e-01 4.483799999999999955e+02
7.500000000000000000e-01 4.479399999999999977e+02
7.916666666666660745e-01 4.457300000000000182e+02
8.333333333333330373e-01 4.425799999999999841e+02
8.750000000000000000e-01 4.387699999999999818e+02
9.166666666666660745e-01 4.357599999999999909e+02
9.583333333333330373e-01 4.360799999999999841e+02
1.000000000000000000e+00 4.407799999999999727e+02
1.041666666666666075e+00 4.450699999999999932e+02
1.083333333333333037e+00 4.469399999999999977e+02
1.125000000000000000e+00 4.469399999999999977e+02
1.166666666666666075e+00 4.467900000000000205e+02
1.208333333333333037e+00 4.470199999999999818e+02
1.250000000000000000e+00 4.464300000000000068e+02
1.291666666666666075e+00 4.466999999999999886e+02
1.333333333333333037e+00 4.461600000000000250e+02
1.375000000000000000e+00 4.471499999999999773e+02
1.416666666666666075e+00 4.466000000000000227e+02
1.458333333333333037e+00 4.480099999999999909e+02
1.500000000000000000e+00 4.480199999999999818e+02
1.541666666666666075e+00 4.481200000000000045e+02
1.583333333333333037e+00 4.481100000000000136e+02
1.625000000000000000e+00 4.490600000000000023e+02
1.666666666666666075e+00 4.479300000000000068e+02
1.708333333333333037e+00 4.493899999999999864e+02
1.750000000000000000e+00 4.493500000000000227e+02
1.791666666666666075e+00 4.507099999999999795e+02
1.833333333333333037e+00 4.500899999999999750e+02
1.875000000000000000e+00 4.496499999999999773e+02
1.916666666666666075e+00 4.496800000000000068e+02
1.958333333333333037e+00 4.497599999999999909e+02
2.000000000000000000e+00 4.510299999999999727e+02
2.041666666666666075e+00 4.511299999999999955e+02
2.083333333333333037e+00 4.496600000000000250e+02
2.125000000000000000e+00 4.518600000000000136e+02
2.166666666666666075e+00 4.514499999999999886e+02
2.208333333333333037e+00 4.517400000000000091e+02
2.250000000000000000e+00 4.524499999999999886e+02
2.291666666666666075e+00 4.525699999999999932e+02
2.333333333333333037e+00 4.519599999999999795e+02
2.375000000000000000e+00 4.531399999999999864e+02
2.416666666666666075e+00 4.530299999999999727e+02
2.458333333333333037e+00 4.543600000000000136e+02
2.500000000000000000e+00 4.544700000000000273e+02
2.541666666666666075e+00 4.542099999999999795e+02
2.583333333333333037e+00 4.550799999999999841e+02
2.625000000000000000e+00 4.551499999999999773e+02
2.666666666666666075e+00 4.554700000000000273e+02
2.708333333333333037e+00 4.549200000000000159e+02
2.750000000000000000e+00 4.558299999999999841e+02
2.791666666666666075e+00 4.554800000000000182e+02
2.833333333333333037e+00 4.560699999999999932e+02
2.875000000000000000e+00 4.562300000000000182e+02
2.916666666666666075e+00 4.562900000000000205e+02
2.958333333333333037e+00 4.571800000000000068e+02
3.000000000000000000e+00 4.569700000000000273e+02
3.041666666666666075e+00 4.580699999999999932e+02
3.083333333333333037e+00 4.578100000000000023e+02
3.125000000000000000e+00 4.583999999999999773e+02
3.166666666666666075e+00 4.582400000000000091e+02
3.208333333333333037e+00 4.584700000000000273e+02
3.250000000000000000e+00 4.585400000000000205e+02
3.291666666666666075e+00 4.573600000000000136e+02
3.333333333333333037e+00 4.584599999999999795e+02
3.375000000000000000e+00 4.588199999999999932e+02
3.416666666666666075e+00 4.593100000000000023e+02
3.458333333333333037e+00 4.594900000000000091e+02
3.500000000000000000e+00 4.593899999999999864e+02
3.541666666666666075e+00 4.598999999999999773e+02
3.583333333333333037e+00 4.605699999999999932e+02
3.625000000000000000e+00 4.609200000000000159e+02
3.666666666666666075e+00 4.596899999999999977e+02
3.708333333333333037e+00 4.593600000000000136e+02
3.750000000000000000e+00 4.605000000000000000e+02
3.791666666666666075e+00 4.600199999999999818e+02
3.833333333333333037e+00 4.594100000000000250e+02
3.875000000000000000e+00 4.597200000000000273e+02
3.916666666666666075e+00 4.605899999999999750e+02
3.958333333333333037e+00 4.610799999999999841e+02
4.000000000000000000e+00 4.605899999999999750e+02
