-4.000000000000000000e+00 4.090199999999999818e+02
-3.958333333333333481e+00 4.087900000000000205e+02
-3.916666666666666519e+00 4.077300000000000182e+02
-3.875000000000000000e+00 4.077699999999999818e+02
-3.833333333333333481e+00 4.074100000000000250e+02
-3.791666666666666519e+00 4.073299999999999841e+02
-3.750000000000000000e+00 4.078299999999999841e+02
-3.708333333333333481e+00 4.074700000000000273e+02
-3.666666666666666519e+00 4.090099999999999909e+02
-3.625000000000000000e+00 4.089399999999999977e+02
-3.583333333333333481e+00 4.102599999999999909e+02
-3.541666666666666519e+00 4.096399999999999864e+02
-3.500000000000000000e+00 4.086499999999999773e+02
-3.458333333333333481e+00 4.096600000000000250e+02
-3.416666666666666963e+00 4.088700000000000045e+02
-3.375000000000000000e+00 4.099399999999999977e+02
-3.333333333333333481e+00 4.084200000000000159e+02
-3.291666666666666963e+00 4.101700000000000159e+02
-3.250000000000000000e+00 4.089700000000000273e+02
-3.208333333333333481e+00 4.083700000000000045e+02
-3.166666666666666963e+00 4.083199999999999932e+02
-3.125000000000000000e+00 4.079100000000000250e+02
-3.083333333333333481e+00 4.076000000000000227e+02
-3.041666666666666963e+00 4.068600000000000136e+02
-3.000000000000000000e+00 4.068299999999999841e+02
-2.958333333333333481e+00 4.069700000000000273e+02
-2.916666666666666963e+00 4.069300000000000068e+02
-2.875000000000000000e+00 4.056700000000000159e+02
-2.833333333333333481e+00 4.061000000000000227e+02
-2.791666666666666963e+00 4.056399999999999864e+02
-2.750000000000000000e+00 4.067599999999999909e+02
-2.708333333333333481e+00 4.072099999999999795e+02
-2.666666666666666963e+00 4.080799999999999841e+02
-2.625000000000000000e+00 4.064100000000000250e+02
-2.583333333333333481e+00 4.071399999999999864e+02
-2.541666666666666963e+00 4.072099999999999795e+02
-2.500000000000000000e+00 4.069599999999999795e+02
-2.458333333333333481e+00 4.071999999999999886e+02
-2.416666666666666963e+00 4.083700000000000045e+02
-2.375000000000000000e+00 4.075199999999999818e+02
-2.333333333333333481e+00 4.080199999999999818e+02
-2.291666666666666963e+00 4.074300000000000068e+02
-2.250000000000000000e+00 4.078799999999999955e+02
-2.208333333333333481e+00 4.081899999999999977e+02
-2.166666666666666963e+00 4.076999999999999886e+02
-2.125000000000000000e+00 4.082900000000000205e+02
-2.083333333333333481e+00 4.085400000000000205e+02
-2.041666666666666963e+00 4.084700000000000273e+02
-2.000000000000000000e+00 4.089900000000000091e+02
-1.958333333333333481e+00 4.090699999999999932e+02
-1.916666666666666963e+00 4.089200000000000159e+02
-1.875000000000000000e+00 4.086700000000000159e+02
-1.833333333333333481e+00 4.088799999999999955e+02
-1.791666666666666963e+00 4.090600000000000023e+02
-1.750000000000000000e+00 4.102400000000000091e+02
-1.708333333333333481e+00 4.101899999999999977e+02
-1.666666666666666963e+00 4.106700000000000159e+02
-1.625000000000000000e+00 4.106299999999999955e+02
-1.583333333333333481e+00 4.104399999999999977e+02
-1.541666666666666963e+00 4.096700000000000159e+02
-1.500000000000000000e+00 4.099599999999999795e+02
-1.458333333333333481e+00 4.099399999999999977e+02
-1.416666666666666963e+00 4.100000000000000000e+02
-1.375000000000000000e+00 4.101499999999999773e+02
-1.333333333333333481e+00 4.109900000000000091e+02
-1.291666666666666963e+00 4.105699999999999932e+02
-1.250000000000000000e+00 4.117099999999999795e+02
-1.208333333333333481e+00 4.126600000000000250e+02
-1.166666666666666963e+00 4.117599999999999909e+02
-1.125000000000000000e+00 4.128799999999999955e+02
-1.083333333333333481e+00 4.130000000000000000e+02
-1.041666666666666963e+00 4.134100000000000250e+02
-1.000000000000000000e+00 4.130000000000000000e+02
-9.583333333333334814e-01 4.129599999999999795e+02
-9.166666666666669627e-01 4.130600000000000023e+02
-8.750000000000000000e-01 4.142699999999999818e+02
-8.333333333333334814e-01 4.139200000000000159e+02
-7.916666666666669627e-01 4.140899999999999750e+02
-7.500000000000000000e-01 4.143000000000000114e+02
-7.083333333333334814e-01 4.151999999999999886e+02
-6.666666666666669627e-01 4.143500000000000227e+02
-6.250000000000000000e-01 4.150699999999999932e+02
-5.833333333333334814e-01 4.130000000000000000e+02
-5.416666666666669627e-01 4.143799999999999955e+02
-5.000000000000000000e-01 4.124900000000000091e+02
-4.583333333333334814e-01 4.141800000000000068e+02
-4.166666666666669627e-01 4.141700000000000159e+02
-3.750000000000000000e-01 4.131100000000000136e+02
-3.333333333333334814e-01 4.153100000000000023e+02
-2.916666666666669627e-01 4.157500000000000000e+02
-2.500000000000000000e-01 4.138899999999999864e+02
-2.083333333333334814e-01 4.140500000000000114e+02
-1.666666666666669627e-01 4.137599999999999909e+02
-1.250000000000000000e-01 4.123700000000000045e+02
-8.333333333333348136e-02 4.121299999999999955e+02
-4.166666666666696273e-02 4.096899999999999977e+02
0.000000000000000000e+00 4.101600000000000250e+02
4.166666666666607455e-02 4.090799999999999841e+02
8.333333333333303727e-02 4.091899999999999977e+02
1.250000000000000000e-01 4.089300000000000068e+02
1.666666666666660745e-01 4.080500000000000114e+02
2.083333333333330373e-01 4.075600000000000023e+02
2.500000000000000000e-01 4.081000000000000227e+02
2.916666666666660745e-01 4.074200000000000159e+02
3.333333333333330373e-01 4.075799999999999841e+02
3.750000000000000000e-01 4.077400000000000091e+02
4.166666666666660745e-01 4.057799999999999727e+02
4.583333333333330373e-01 4.056499999999999773e+02
5.000000000000000000e-01 4.071999999999999886e+02
5.416666666666660745e-01 4.066600000000000250e+02
5.833333333333330373e-01 4.058500000000000227e+02
6.250000000000000000e-01 4.061200000000000045e+02
6.666666666666660745e-01 4.061600000000000250e+02
7.083333333333330373e-01 4.052200000000000273e+02
7.500000000000000000e-01 4.063500000000000227e+02
7.916666666666660745e-01 4.060400000000000205e+02
8.333333333333330373e-01 4.052599999999999909e+02
8.750000000000000000e-01 4.063100000000000023e+02
9.166666666666660745e-01 4.063100000000000023e+02
9.583333333333330373e-01 4.053999999999999773e+02
1.000000000000000000e+00 4.056600000000000250e+02
1.041666666666666075e+00 4.033199999999999932e+02
1.083333333333333037e+00 4.038000000000000114e+02
1.125000000000000000e+00 4.023000000000000114e+02
1.166666666666666075e+00 4.024100000000000250e+02
1.208333333333333037e+00 4.022300000000000182e+02
1.250000000000000000e+00 4.026800000000000068e+02
1.291666666666666075e+00 4.028199999999999932e+02
1.333333333333333037e+00 4.020000000000000000e+02
1.375000000000000000e+00 4.023100000000000023e+02
1.416666666666666075e+00 4.022300000000000182e+02
1.458333333333333037e+00 4.031100000000000136e+02
1.500000000000000000e+00 4.020400000000000205e+02
1.541666666666666075e+00 3.998199999999999932e+02
1.583333333333333037e+00 3.988799999999999955e+02
1.625000000000000000e+00 3.995799999999999841e+02
1.666666666666666075e+00 4.011800000000000068e+02
1.708333333333333037e+00 4.000799999999999841e+02
1.750000000000000000e+00 4.012099999999999795e+02
1.791666666666666075e+00 4.008600000000000136e+02
1.833333333333333037e+00 4.011600000000000250e+02
1.875000000000000000e+00 4.005899999999999750e+02
1.916666666666666075e+00 4.011600000000000250e+02
1.958333333333333037e+00 4.002099999999999795e+02
2.000000000000000000e+00 4.007300000000000182e+02
2.041666666666666075e+00 4.002300000000000182e+02
2.083333333333333037e+00 3.999900000000000091e+02
2.125000000000000000e+00 3.998799999999999955e+02
2.166666666666666075e+00 3.992300000000000182e+02
2.208333333333333037e+00 3.995799999999999841e+02
2.250000000000000000e+00 4.000799999999999841e+02
2.291666666666666075e+00 4.016800000000000068e+02
2.333333333333333037e+00 4.007599999999999909e+02
2.375000000000000000e+00 4.004100000000000250e+02
2.416666666666666075e+00 3.994200000000000159e+02
2.458333333333333037e+00 3.991700000000000159e+02
2.500000000000000000e+00 3.994499999999999886e+02
2.541666666666666075e+00 3.995199999999999818e+02
2.583333333333333037e+00 4.006499999999999773e+02
2.625000000000000000e+00 4.003799999999999955e+02
2.666666666666666075e+00 4.005400000000000205e+02
2.708333333333333037e+00 4.016200000000000045e+02
2.750000000000000000e+00 4.019100000000000250e+02
2.791666666666666075e+00 4.040400000000000205e+02
2.833333333333333037e+00 4.032300000000000182e+02
2.875000000000000000e+00 4.037599999999999909e+02
2.916666666666666075e+00 4.033700000000000045e+02
2.958333333333333037e+00 4.030000000000000000e+02
3.000000000000000000e+00 4.041499999999999773e+02
3.041666666666666075e+00 4.041499999999999773e+02
3.083333333333333037e+00 4.031999999999999886e+02
3.125000000000000000e+00 4.041000000000000227e+02
3.166666666666666075e+00 4.034800000000000182e+02
3.208333333333333037e+00 4.039399999999999977e+02
3.250000000000000000e+00 4.050000000000000000e+02
3.291666666666666075e+00 4.036000000000000227e+02
3.333333333333333037e+00 4.047900000000000205e+02
3.375000000000000000e+00 4.039399999999999977e+02
3.416666666666666075e+00 4.042400000000000091e+02
3.458333333333333037e+00 4.034200000000000159e+02
3.500000000000000000e+00 4.033700000000000045e+02
3.541666666666666075e+00 4.032699999999999818e+02
3.583333333333333037e+00 4.028600000000000136e+02
3.625000000000000000e+00 4.035099999999999909e+02
3.666666666666666075e+00 4.037699999999999818e+02
3.708333333333333037e+00 4.031499999999999773e+02
3.750000000000000000e+00 4.019100000000000250e+02
3.791666666666666075e+00 4.028000000000000114e+02
3.833333333333333037e+00 4.015099999999999909e+02
3.875000000000000000e+00 4.023199999999999932e+02
3.916666666666666075e+00 4.021200000000000045e+02
3.958333333333333037e+00 4.014700000000000273e+02
4.000000000000000000e+00 4.018000000000000114e+02
