-4.000000000000000000e+00 4.733999999999999773e+02
-3.958333333333333481e+00 4.720500000000000114e+02
-3.916666666666666519e+00 4.711499999999999773e+02
-3.875000000000000000e+00 4.702799999999999727e+02
-3.833333333333333481e+00 4.686700000000000159e+02
-3.791666666666666519e+00 4.648899999999999864e+02
-3.750000000000000000e+00 4.649800000000000182e+02
-3.708333333333333481e+00 4.634300000000000068e+02
-3.666666666666666519e+00 4.642500000000000000e+02
-3.625000000000000000e+00 4.655500000000000114e+02
-3.583333333333333481e+00 4.656200000000000045e+02
-3.541666666666666519e+00 4.641100000000000136e+02
-3.500000000000000000e+00 4.642099999999999795e+02
-3.458333333333333481e+00 4.662300000000000182e+02
-3.416666666666666963e+00 4.668000000000000114e+02
-3.375000000000000000e+00 4.678899999999999864e+02
-3.333333333333333481e+00 4.690299999999999727e+02
-3.291666666666666963e+00 4.686700000000000159e+02
-3.250000000000000000e+00 4.706999999999999886e+02
-3.208333333333333481e+00 4.724499999999999886e+02
-3.166666666666666963e+00 4.735199999999999818e+02
-3.125000000000000000e+00 4.729100000000000250e+02
-3.083333333333333481e+00 4.722799999999999727e+02
-3.041666666666666963e+00 4.703799999999999955e+02
-3.000000000000000000e+00 4.676899999999999977e+02
-2.958333333333333481e+00 4.668899999999999864e+02
-2.916666666666666963e+00 4.661000000000000227e+02
-2.875000000000000000e+00 4.670600000000000023e+02
-2.833333333333333481e+00 4.681399999999999864e+02
-2.791666666666666963e+00 4.683899999999999864e+02
-2.750000000000000000e+00 4.685400000000000205e+02
-2.708333333333333481e+00 4.675500000000000114e+02
-2.666666666666666963e+00 4.680899999999999750e+02
-2.625000000000000000e+00 4.688700000000000045e+02
-2.583333333333333481e+00 4.691800000000000068e+02
-2.541666666666666963e+00 4.698700000000000045e+02
-2.500000000000000000e+00 4.705899999999999750e+02
-2.458333333333333481e+00 4.695799999999999841e+02
-2.416666666666666963e+00 4.697599999999999909e+02
-2.375000000000000000e+00 4.692500000000000000e+02
-2.333333333333333481e+00 4.696999999999999886e+02
-2.291666666666666963e+00 4.693299999999999841e+02
-2.250000000000000000e+00 4.706899999999999977e+02
-2.208333333333333481e+00 4.696899999999999977e+02
-2.166666666666666963e+00 4.710000000000000000e+02
-2.125000000000000000e+00 4.706600000000000250e+02
-2.083333333333333481e+00 4.710600000000000023e+02
-2.041666666666666963e+00 4.709200000000000159e+02
-2.000000000000000000e+00 4.706700000000000159e+02
-1.958333333333333481e+00 4.700400000000000205e+02
-1.916666666666666963e+00 4.692699999999999818e+02
-1.875000000000000000e+00 4.704700000000000273e+02
-1.833333333333333481e+00 4.700199999999999818e+02
-1.791666666666666963e+00 4.713100000000000023e+02
-1.750000000000000000e+00 4.700400000000000205e+02
-1.708333333333333481e+00 4.710299999999999727e+02
-1.666666666666666963e+00 4.698299999999999841e+02
-1.625000000000000000e+00 4.709399999999999977e+02
-1.583333333333333481e+00 4.706299999999999955e+02
-1.541666666666666963e+00 4.710500000000000114e+02
-1.500000000000000000e+00 4.710799999999999841e+02
-1.458333333333333481e+00 4.712599999999999909e+02
-1.416666666666666963e+00 4.713899999999999864e+02
-1.375000000000000000e+00 4.708500000000000227e+02
-1.333333333333333481e+00 4.712200000000000273e+02
-1.291666666666666963e+00 4.731399999999999864e+02
-1.250000000000000000e+00 4.743100000000000023e+02
-1.208333333333333481e+00 4.729200000000000159e+02
-1.166666666666666963e+00 4.741700000000000159e+02
-1.125000000000000000e+00 4.730199999999999818e+02
-1.083333333333333481e+00 4.750500000000000114e+02
-1.041666666666666963e+00 4.745500000000000114e+02
-1.000000000000000000e+00 4.734100000000000250e+02
-9.583333333333334814e-01 4.731800000000000068e+02
-9.166666666666669627e-01 4.740799999999999841e+02
-8.750000000000000000e-01 4.750799999999999841e+02
-8.333333333333334814e-01 4.755600000000000023e+02
-7.916666666666669627e-01 4.749499999999999886e+02
-7.500000000000000000e-01 4.768000000000000114e+02
-7.083333333333334814e-01 4.777799999999999727e+02
-6.666666666666669627e-01 4.777300000000000182e+02
-6.250000000000000000e-01 4.774800000000000182e+02
-5.833333333333334814e-01 4.771999999999999886e+02
-5.416666666666669627e-01 4.755600000000000023e+02
-5.000000000000000000e-01 4.744499999999999886e+02
-4.583333333333334814e-01 4.722300000000000182e+02
-4.166666666666669627e-01 4.739200000000000159e+02
-3.750000000000000000e-01 4.732599999999999909e+02
-3.333333333333334814e-01 4.736200000000000045e+02
-2.916666666666669627e-01 4.721700000000000159e+02
-2.500000000000000000e-01 4.705400000000000205e+02
-2.083333333333334814e-01 4.686100000000000136e+02
-1.666666666666669627e-01 4.698500000000000227e+02
-1.250000000000000000e-01 4.701299999999999955e+02
-8.333333333333348136e-02 4.689700000000000273e+02
-4.166666666666696273e-02 4.688999999999999773e+02
0.000000000000000000e+00 4.649800000000000182e+02
4.166666666666607455e-02 4.667699999999999818e+02
8.333333333333303727e-02 4.658500000000000227e+02
1.250000000000000000e-01 4.670000000000000000e+02
1.666666666666660745e-01 4.655899999999999750e+02
2.083333333333330373e-01 4.648999999999999773e+02
2.500000000000000000e-01 4.651800000000000068e+02
2.916666666666660745e-01 4.651200000000000045e+02
3.333333333333330373e-01 4.652599999999999909e+02
3.750000000000000000e-01 4.644599999999999795e+02
4.166666666666660745e-01 4.647500000000000000e+02
4.583333333333330373e-01 4.646899999999999977e+02
5.000000000000000000e-01 4.661899999999999977e+02
5.416666666666660745e-01 4.660000000000000000e+02
5.833333333333330373e-01 4.646800000000000068e+02
6.250000000000000000e-01 4.645099999999999909e+02
6.666666666666660745e-01 4.645299999999999727e+02
7.083333333333330373e-01 4.634599999999999795e+02
7.500000000000000000e-01 4.626700000000000159e+02
7.916666666666660745e-01 4.610099999999999909e+02
8.333333333333330373e-01 4.622699999999999818e+02
8.750000000000000000e-01 4.600299999999999727e+02
9.166666666666660745e-01 4.609200000000000159e+02
9.583333333333330373e-01 4.604800000000000182e+02
1.000000000000000000e+00 4.595099999999999909e+02
1.041666666666666075e+00 4.596100000000000136e+02
1.083333333333333037e+00 4.617099999999999795e+02
1.125000000000000000e+00 4.620299999999999727e+02
1.166666666666666075e+00 4.601999999999999886e+02
1.208333333333333037e+00 4.602200000000000273e+02
1.250000000000000000e+00 4.627300000000000182e+02
1.291666666666666075e+00 4.618299999999999841e+02
1.333333333333333037e+00 4.622699999999999818e+02
1.375000000000000000e+00 4.621100000000000136e+02
1.416666666666666075e+00 4.623199999999999932e+02
1.458333333333333037e+00 4.626399999999999864e+02
1.500000000000000000e+00 4.641000000000000227e+02
1.541666666666666075e+00 4.649599999999999795e+02
1.583333333333333037e+00 4.637099999999999795e+02
1.625000000000000000e+00 4.627200000000000273e+02
1.666666666666666075e+00 4.624399999999999977e+02
1.708333333333333037e+00 4.625400000000000205e+02
1.750000000000000000e+00 4.620400000000000205e+02
1.791666666666666075e+00 4.637400000000000091e+02
1.833333333333333037e+00 4.641000000000000227e+02
1.875000000000000000e+00 4.623000000000000114e+02
1.916666666666666075e+00 4.629700000000000273e+02
1.958333333333333037e+00 4.622699999999999818e+02
2.000000000000000000e+00 4.613100000000000023e+02
2.041666666666666075e+00 4.621399999999999864e+02
2.083333333333333037e+00 4.607200000000000273e+02
2.125000000000000000e+00 4.600799999999999841e+02
2.166666666666666075e+00 4.601899999999999977e+02
2.208333333333333037e+00 4.583299999999999841e+02
2.250000000000000000e+00 4.583899999999999864e+02
2.291666666666666075e+00 4.590799999999999841e+02
2.333333333333333037e+00 4.581800000000000068e+02
2.375000000000000000e+00 4.585299999999999727e+02
2.416666666666666075e+00 4.589800000000000182e+02
2.458333333333333037e+00 4.586800000000000068e+02
2.500000000000000000e+00 4.590099999999999909e+02
2.541666666666666075e+00 4.587099999999999795e+02
2.583333333333333037e+00 4.572900000000000205e+02
2.625000000000000000e+00 4.576800000000000068e+02
2.666666666666666075e+00 4.572300000000000182e+02
2.708333333333333037e+00 4.587900000000000205e+02
2.750000000000000000e+00 4.592699999999999818e+02
2.791666666666666075e+00 4.602500000000000000e+02
2.833333333333333037e+00 4.611700000000000159e+02
2.875000000000000000e+00 4.609599999999999795e+02
2.916666666666666075e+00 4.616000000000000227e+02
2.958333333333333037e+00 4.614100000000000250e+02
3.000000000000000000e+00 4.627599999999999909e+02
3.041666666666666075e+00 4.622900000000000205e+02
3.083333333333333037e+00 4.617599999999999909e+02
3.125000000000000000e+00 4.614200000000000159e+02
3.166666666666666075e+00 4.615699999999999932e+02
3.208333333333333037e+00 4.602400000000000091e+02
3.250000000000000000e+00 4.606399999999999864e+02
3.291666666666666075e+00 4.607799999999999727e+02
3.333333333333333037e+00 4.609399999999999977e+02
3.375000000000000000e+00 4.621600000000000250e+02
3.416666666666666075e+00 4.614599999999999795e+02
3.458333333333333037e+00 4.615199999999999818e+02
3.500000000000000000e+00 4.620799999999999841e+02
3.541666666666666075e+00 4.620099999999999909e+02
3.583333333333333037e+00 4.623999999999999773e+02
3.625000000000000000e+00 4.627799999999999727e+02
3.666666666666666075e+00 4.637099999999999795e+02
3.708333333333333037e+00 4.638500000000000227e+02
3.750000000000000000e+00 4.649200000000000159e+02
3.791666666666666075e+00 4.653299999999999841e+02
3.833333333333333037e+00 4.659499999999999886e+02
3.875000000000000000e+00 4.645699999999999932e+02
3.916666666666666075e+00 4.659499999999999886e+02
3.958333333333333037e+00 4.663399999999999750e+02
4.000000000000000000e+00 4.657400000000000091e+02
