-4.000000000000000000e+00 3.980799999999999841e+02
-3.958333333333333481e+00 3.988999999999999773e+02
-3.916666666666666519e+00 4.001999999999999886e+02
-3.875000000000000000e+00 4.001600000000000250e+02
-3.833333333333333481e+00 4.000600000000000023e+02
-3.791666666666666519e+00 4.008000000000000114e+02
-3.750000000000000000e+00 3.989800000000000182e+02
-3.708333333333333481e+00 3.975500000000000114e+02
-3.666666666666666519e+00 3.986899999999999977e+02
-3.625000000000000000e+00 3.991000000000000227e+02
-3.583333333333333481e+00 4.000699999999999932e+02
-3.541666666666666519e+00 4.003700000000000045e+02
-3.500000000000000000e+00 3.996800000000000068e+02
-3.458333333333333481e+00 4.005400000000000205e+02
-3.416666666666666963e+00 4.006600000000000250e+02
-3.375000000000000000e+00 4.005799999999999841e+02
-3.333333333333333481e+00 4.001100000000000136e+02
-3.291666666666666963e+00 3.997599999999999909e+02
-3.250000000000000000e+00 3.994700000000000273e+02
-3.208333333333333481e+00 3.999300000000000068e+02
-3.166666666666666963e+00 4.001899999999999977e+02
-3.125000000000000000e+00 3.997200000000000273e+02
-3.083333333333333481e+00 4.002400000000000091e+02
-3.041666666666666963e+00 4.007599999999999909e+02
-3.000000000000000000e+00 4.021200000000000045e+02
-2.958333333333333481e+00 4.003100000000000023e+02
-2.916666666666666963e+00 4.024900000000000091e+02
-2.875000000000000000e+00 4.019200000000000159e+02
-2.833333333333333481e+00 4.015299999999999727e+02
-2.791666666666666963e+00 4.019700000000000273e+02
-2.750000000000000000e+00 4.022900000000000205e+02
-2.708333333333333481e+00 4.022500000000000000e+02
-2.666666666666666963e+00 4.024100000000000250e+02
-2.625000000000000000e+00 4.034300000000000068e+02
-2.583333333333333481e+00 4.026200000000000045e+02
-2.541666666666666963e+00 4.022900000000000205e+02
-2.500000000000000000e+00 4.019399999999999977e+02
-2.458333333333333481e+00 4.026200000000000045e+02
-2.416666666666666963e+00 4.021000000000000227e+02
-2.375000000000000000e+00 4.028199999999999932e+02
-2.333333333333333481e+00 4.027699999999999818e+02
-2.291666666666666963e+00 4.030600000000000023e+02
-2.250000000000000000e+00 4.025799999999999841e+02
-2.208333333333333481e+00 4.037900000000000205e+02
-2.166666666666666963e+00 4.018100000000000023e+02
-2.125000000000000000e+00 4.033199999999999932e+02
-2.083333333333333481e+00 4.033799999999999955e+02
-2.041666666666666963e+00 4.025000000000000000e+02
-2.000000000000000000e+00 4.040600000000000023e+02
-1.958333333333333481e+00 4.032799999999999727e+02
-1.916666666666666963e+00 4.039399999999999977e+02
-1.875000000000000000e+00 4.030699999999999932e+02
-1.833333333333333481e+00 4.039300000000000068e+02
-1.791666666666666963e+00 4.033600000000000136e+02
-1.750000000000000000e+00 4.043600000000000136e+02
-1.708333333333333481e+00 4.038000000000000114e+02
-1.666666666666666963e+00 4.037500000000000000e+02
-1.625000000000000000e+00 4.033799999999999955e+02
-1.583333333333333481e+00 4.047200000000000273e+02
-1.541666666666666963e+00 4.044900000000000091e+02
-1.500000000000000000e+00 4.042500000000000000e+02
-1.458333333333333481e+00 4.034599999999999795e+02
-1.416666666666666963e+00 4.039300000000000068e+02
-1.375000000000000000e+00 4.043299999999999841e+02
-1.333333333333333481e+00 4.057200000000000273e+02
-1.291666666666666963e+00 4.059100000000000250e+02
-1.250000000000000000e+00 4.059900000000000091e+02
-1.208333333333333481e+00 4.055500000000000114e+02
-1.166666666666666963e+00 4.056499999999999773e+02
-1.125000000000000000e+00 4.055099999999999909e+02
-1.083333333333333481e+00 4.074800000000000182e+02
-1.041666666666666963e+00 4.078700000000000045e+02
-1.000000000000000000e+00 4.075299999999999727e+02
-9.583333333333334814e-01 4.077500000000000000e+02
-9.166666666666669627e-01 4.067699999999999818e+02
-8.750000000000000000e-01 4.074499999999999886e+02
-8.333333333333334814e-01 4.082200000000000273e+02
-7.916666666666669627e-01 4.081299999999999955e+02
-7.500000000000000000e-01 4.096800000000000068e+02
-7.083333333333334814e-01 4.086399999999999864e+02
-6.666666666666669627e-01 4.103000000000000114e+02
-6.250000000000000000e-01 4.082900000000000205e+02
-5.833333333333334814e-01 4.075600000000000023e+02
-5.416666666666669627e-01 4.073600000000000136e+02
-5.000000000000000000e-01 4.081100000000000136e+02
-4.583333333333334814e-01 4.086800000000000068e+02
-4.166666666666669627e-01 4.072099999999999795e+02
-3.750000000000000000e-01 4.050699999999999932e+02
-3.333333333333334814e-01 4.046700000000000159e+02
-2.916666666666669627e-01 4.038299999999999841e+02
-2.500000000000000000e-01 4.037300000000000182e+02
-2.083333333333334814e-01 4.044800000000000182e+02
-1.666666666666669627e-01 4.042699999999999818e+02
-1.250000000000000000e-01 4.040000000000000000e+02
-8.333333333333348136e-02 4.026800000000000068e+02
-4.166666666666696273e-02 4.016499999999999773e+02
0.000000000000000000e+00 4.009900000000000091e+02
4.166666666666607455e-02 4.022699999999999818e+02
8.333333333333303727e-02 4.011899999999999977e+02
1.250000000000000000e-01 4.012699999999999818e+02
1.666666666666660745e-01 4.019100000000000250e+02
2.083333333333330373e-01 4.016999999999999886e+02
2.500000000000000000e-01 4.023100000000000023e+02
2.916666666666660745e-01 4.008799999999999955e+02
3.333333333333330373e-01 4.014300000000000068e+02
3.750000000000000000e-01 4.010699999999999932e+02
4.166666666666660745e-01 4.016000000000000227e+02
4.583333333333330373e-01 4.023299999999999841e+02
5.000000000000000000e-01 4.015500000000000114e+02
5.416666666666660745e-01 4.029200000000000159e+02
5.833333333333330373e-01 4.024100000000000250e+02
6.250000000000000000e-01 4.022099999999999795e+02
6.666666666666660745e-01 4.026200000000000045e+02
7.083333333333330373e-01 4.015600000000000023e+02
7.500000000000000000e-01 4.018000000000000114e+02
7.916666666666660745e-01 3.997200000000000273e+02
8.333333333333330373e-01 4.015699999999999932e+02
8.750000000000000000e-01 4.003000000000000114e+02
9.166666666666660745e-01 3.996600000000000250e+02
9.583333333333330373e-01 3.996700000000000159e+02
1.000000000000000000e+00 3.993299999999999841e+02
1.041666666666666075e+00 3.993100000000000023e+02
1.083333333333333037e+00 3.998399999999999750e+02
1.125000000000000000e+00 3.991100000000000136e+02
1.166666666666666075e+00 4.001899999999999977e+02
1.208333333333333037e+00 4.004800000000000182e+02
1.250000000000000000e+00 4.002500000000000000e+02
1.291666666666666075e+00 4.000899999999999750e+02
1.333333333333333037e+00 4.005000000000000000e+02
1.375000000000000000e+00 3.991100000000000136e+02
1.416666666666666075e+00 3.999399999999999977e+02
1.458333333333333037e+00 3.991100000000000136e+02
1.500000000000000000e+00 4.001499999999999773e+02
1.541666666666666075e+00 3.998399999999999750e+02
1.583333333333333037e+00 3.992900000000000205e+02
1.625000000000000000e+00 3.978100000000000023e+02
1.666666666666666075e+00 3.973700000000000045e+02
1.708333333333333037e+00 3.984499999999999886e+02
1.750000000000000000e+00 3.992400000000000091e+02
1.791666666666666075e+00 3.988000000000000114e+02
1.833333333333333037e+00 3.964599999999999795e+02
1.875000000000000000e+00 3.996899999999999977e+02
1.916666666666666075e+00 3.971700000000000159e+02
1.958333333333333037e+00 3.964300000000000068e+02
2.000000000000000000e+00 3.983899999999999864e+02
2.041666666666666075e+00 3.980799999999999841e+02
2.083333333333333037e+00 3.972699999999999818e+02
2.125000000000000000e+00 3.971000000000000227e+02
2.166666666666666075e+00 3.979900000000000091e+02
2.208333333333333037e+00 3.997799999999999727e+02
2.250000000000000000e+00 3.986000000000000227e+02
2.291666666666666075e+00 3.996200000000000045e+02
2.333333333333333037e+00 4.002300000000000182e+02
2.375000000000000000e+00 3.998999999999999773e+02
2.416666666666666075e+00 3.993500000000000227e+02
2.458333333333333037e+00 3.995600000000000023e+02
2.500000000000000000e+00 3.995899999999999750e+02
2.541666666666666075e+00 4.000699999999999932e+02
2.583333333333333037e+00 3.988799999999999955e+02
2.625000000000000000e+00 3.989499999999999886e+02
2.666666666666666075e+00 4.004200000000000159e+02
2.708333333333333037e+00 4.010899999999999750e+02
2.750000000000000000e+00 4.015299999999999727e+02
2.791666666666666075e+00 3.998399999999999750e+02
2.833333333333333037e+00 4.002200000000000273e+02
2.875000000000000000e+00 4.005600000000000023e+02
2.916666666666666075e+00 4.003000000000000114e+02
2.958333333333333037e+00 4.008899999999999864e+02
3.000000000000000000e+00 4.020899999999999750e+02
3.041666666666666075e+00 4.019900000000000091e+02
3.083333333333333037e+00 4.034300000000000068e+02
3.125000000000000000e+00 4.029399999999999977e+02
3.166666666666666075e+00 4.035799999999999841e+02
3.208333333333333037e+00 4.037799999999999727e+02
3.250000000000000000e+00 4.040899999999999750e+02
3.291666666666666075e+00 4.040600000000000023e+02
3.333333333333333037e+00 4.036899999999999977e+02
3.375000000000000000e+00 4.034599999999999795e+02
3.416666666666666075e+00 4.032200000000000273e+02
3.458333333333333037e+00 4.040699999999999932e+02
3.500000000000000000e+00 4.044300000000000068e+02
3.541666666666666075e+00 4.041200000000000045e+02
3.583333333333333037e+00 4.033399999999999750e+02
3.625000000000000000e+00 4.033899999999999864e+02
3.666666666666666075e+00 4.036299999999999955e+02
3.708333333333333037e+00 4.018999999999999773e+02
3.750000000000000000e+00 4.032699999999999818e+02
3.791666666666666075e+00 4.037599999999999909e+02
3.833333333333333037e+00 4.031899999999999977e+02
3.875000000000000000e+00 4.031499999999999773e+02
3.916666666666666075e+00 4.045099999999999909e+02
3.958333333333333037e+00 4.039200000000000159e+02
4.000000000000000000e+00 4.043399999999999750e+02
