-4.000000000000000000e+00 4.795400000000000205e+02
-3.958333333333333481e+00 4.793000000000000114e+02
-3.916666666666666519e+00 4.803999999999999773e+02
-3.875000000000000000e+00 4.796399999999999864e+02
-3.833333333333333481e+00 4.811100000000000136e+02
-3.791666666666666519e+00 4.821800000000000068e+02
-3.750000000000000000e+00 4.808500000000000227e+02
-3.708333333333333481e+00 4.810299999999999727e+02
-3.666666666666666519e+00 4.819900000000000091e+02
-3.625000000000000000e+00 4.802300000000000182e+02
-3.583333333333333481e+00 4.819300000000000068e+02
-3.541666666666666519e+00 4.828999999999999773e+02
-3.500000000000000000e+00 4.828899999999999864e+02
-3.458333333333333481e+00 4.824100000000000250e+02
-3.416666666666666963e+00 4.810299999999999727e+02
-3.375000000000000000e+00 4.833299999999999841e+02
-3.333333333333333481e+00 4.813500000000000227e+02
-3.291666666666666963e+00 4.823500000000000227e+02
-3.250000000000000000e+00 4.832799999999999727e+02
-3.208333333333333481e+00 4.819499999999999886e+02
-3.166666666666666963e+00 4.808100000000000023e+02
-3.125000000000000000e+00 4.809599999999999795e+02
-3.083333333333333481e+00 4.812699999999999818e+02
-3.041666666666666963e+00 4.798899999999999864e+02
-3.000000000000000000e+00 4.784300000000000068e+02
-2.958333333333333481e+00 4.792400000000000091e+02
-2.916666666666666963e+00 4.798700000000000045e+02
-2.875000000000000000e+00 4.809300000000000068e+02
-2.833333333333333481e+00 4.795500000000000114e+02
-2.791666666666666963e+00 4.803000000000000114e+02
-2.750000000000000000e+00 4.800600000000000023e+02
-2.708333333333333481e+00 4.810699999999999932e+02
-2.666666666666666963e+00 4.814300000000000068e+02
-2.625000000000000000e+00 4.817599999999999909e+02
-2.583333333333333481e+00 4.812599999999999909e+02
-2.541666666666666963e+00 4.810500000000000114e+02
-2.500000000000000000e+00 4.814800000000000182e+02
-2.458333333333333481e+00 4.796100000000000136e+02
-2.416666666666666963e+00 4.809399999999999977e+02
-2.375000000000000000e+00 4.803299999999999841e+02
-2.333333333333333481e+00 4.790199999999999818e+02
-2.291666666666666963e+00 4.815699999999999932e+02
-2.250000000000000000e+00 4.812099999999999795e+02
-2.208333333333333481e+00 4.816800000000000068e+02
-2.166666666666666963e+00 4.820500000000000114e+02
-2.125000000000000000e+00 4.818299999999999841e+02
-2.083333333333333481e+00 4.812699999999999818e+02
-2.041666666666666963e+00 4.834300000000000068e+02
-2.000000000000000000e+00 4.827099999999999795e+02
-1.958333333333333481e+00 4.820199999999999818e+02
-1.916666666666666963e+00 4.811800000000000068e+02
-1.875000000000000000e+00 4.812300000000000182e+02
-1.833333333333333481e+00 4.805099999999999909e+02
-1.791666666666666963e+00 4.799700000000000273e+02
-1.750000000000000000e+00 4.800600000000000023e+02
-1.708333333333333481e+00 4.798299999999999841e+02
-1.666666666666666963e+00 4.813799999999999955e+02
-1.625000000000000000e+00 4.798000000000000114e+02
-1.583333333333333481e+00 4.797599999999999909e+02
-1.541666666666666963e+00 4.801999999999999886e+02
-1.500000000000000000e+00 4.799900000000000091e+02
-1.458333333333333481e+00 4.801299999999999955e+02
-1.416666666666666963e+00 4.794100000000000250e+02
-1.375000000000000000e+00 4.792900000000000205e+02
-1.333333333333333481e+00 4.798100000000000023e+02
-1.291666666666666963e+00 4.801299999999999955e+02
-1.250000000000000000e+00 4.784399999999999977e+02
-1.208333333333333481e+00 4.808000000000000114e+02
-1.166666666666666963e+00 4.818999999999999773e+02
-1.125000000000000000e+00 4.817200000000000273e+02
-1.083333333333333481e+00 4.820899999999999750e+02
-1.041666666666666963e+00 4.798500000000000227e+02
-1.000000000000000000e+00 4.783700000000000045e+02
-9.583333333333334814e-01 4.743199999999999932e+02
-9.166666666666669627e-01 4.710699999999999932e+02
-8.750000000000000000e-01 4.680000000000000000e+02
-8.333333333333334814e-01 4.642599999999999909e+02
-7.916666666666669627e-01 4.660099999999999909e+02
-7.500000000000000000e-01 4.661999999999999886e+02
-7.083333333333334814e-01 4.645199999999999818e+02
-6.666666666666669627e-01 4.635799999999999841e+02
-6.250000000000000000e-01 4.639599999999999795e+02
-5.833333333333334814e-01 4.636100000000000136e+02
-5.416666666666669627e-01 4.632300000000000182e+02
-5.000000000000000000e-01 4.626600000000000250e+02
-4.583333333333334814e-01 4.616000000000000227e+02
-4.166666666666669627e-01 4.613500000000000227e+02
-3.750000000000000000e-01 4.618999999999999773e+02
-3.333333333333334814e-01 4.605400000000000205e+02
-2.916666666666669627e-01 4.606499999999999773e+02
-2.500000000000000000e-01 4.622900000000000205e+02
-2.083333333333334814e-01 4.624599999999999795e+02
-1.666666666666669627e-01 4.626899999999999977e+02
-1.250000000000000000e-01 4.643899999999999864e+02
-8.333333333333348136e-02 4.641999999999999886e+02
-4.166666666666696273e-02 4.625400000000000205e+02
0.000000000000000000e+00 4.625199999999999818e+02
4.166666666666607455e-02 4.632699999999999818e+02
8.333333333333303727e-02 4.618199999999999932e+02
1.250000000000000000e-01 4.608799999999999955e+02
1.666666666666660745e-01 4.589200000000000159e+02
2.083333333333330373e-01 4.580299999999999727e+02
2.500000000000000000e-01 4.610400000000000205e+02
2.916666666666660745e-01 4.588999999999999773e+02
3.333333333333330373e-01 4.594900000000000091e+02
3.750000000000000000e-01 4.612599999999999909e+02
4.166666666666660745e-01 4.597699999999999818e+02
4.583333333333330373e-01 4.609300000000000068e+02
5.000000000000000000e-01 4.616800000000000068e+02
5.416666666666660745e-01 4.622400000000000091e+02
5.833333333333330373e-01 4.623899999999999864e+02
6.250000000000000000e-01 4.621000000000000227e+02
6.666666666666660745e-01 4.618399999999999750e+02
7.083333333333330373e-01 4.608899999999999864e+02
7.500000000000000000e-01 4.604300000000000068e+02
7.916666666666660745e-01 4.609499999999999886e+02
8.333333333333330373e-01 4.596600000000000250e+02
8.750000000000000000e-01 4.585899999999999750e+02
9.166666666666660745e-01 4.613399999999999750e+02
9.583333333333330373e-01 4.618999999999999773e+02
1.000000000000000000e+00 4.626299999999999955e+02
1.041666666666666075e+00 4.607500000000000000e+02
1.083333333333333037e+00 4.622500000000000000e+02
1.125000000000000000e+00 4.624599999999999795e+02
1.166666666666666075e+00 4.611499999999999773e+02
1.208333333333333037e+00 4.605600000000000023e+02
1.250000000000000000e+00 4.613600000000000136e+02
1.291666666666666075e+00 4.601499999999999773e+02
1.333333333333333037e+00 4.595299999999999727e+02
1.375000000000000000e+00 4.609599999999999795e+02
1.416666666666666075e+00 4.602500000000000000e+02
1.458333333333333037e+00 4.614900000000000091e+02
1.500000000000000000e+00 4.611600000000000250e+02
1.541666666666666075e+00 4.610799999999999841e+02
1.583333333333333037e+00 4.605299999999999727e+02
1.625000000000000000e+00 4.590400000000000205e+02
1.666666666666666075e+00 4.577300000000000182e+02
1.708333333333333037e+00 4.553700000000000045e+02
1.750000000000000000e+00 4.546100000000000136e+02
1.791666666666666075e+00 4.546499999999999773e+02
1.833333333333333037e+00 4.540000000000000000e+02
1.875000000000000000e+00 4.560699999999999932e+02
1.916666666666666075e+00 4.552699999999999818e+02
1.958333333333333037e+00 4.560699999999999932e+02
2.000000000000000000e+00 4.576700000000000159e+02
2.041666666666666075e+00 4.575199999999999818e+02
2.083333333333333037e+00 4.584800000000000182e+02
2.125000000000000000e+00 4.578000000000000114e+02
2.166666666666666075e+00 4.591100000000000136e+02
2.208333333333333037e+00 4.595699999999999932e+02
2.250000000000000000e+00 4.601000000000000227e+02
2.291666666666666075e+00 4.601299999999999955e+02
2.333333333333333037e+00 4.606100000000000136e+02
2.375000000000000000e+00 4.612300000000000182e+02
2.416666666666666075e+00 4.633399999999999750e+02
2.458333333333333037e+00 4.628299999999999841e+02
2.500000000000000000e+00 4.626899999999999977e+02
2.541666666666666075e+00 4.622599999999999909e+02
2.583333333333333037e+00 4.616600000000000250e+02
2.625000000000000000e+00 4.628700000000000045e+02
2.666666666666666075e+00 4.642500000000000000e+02
2.708333333333333037e+00 4.626899999999999977e+02
2.750000000000000000e+00 4.617200000000000273e+02
2.791666666666666075e+00 4.611299999999999955e+02
2.833333333333333037e+00 4.623700000000000045e+02
2.875000000000000000e+00 4.615199999999999818e+02
2.916666666666666075e+00 4.614700000000000273e+02
2.958333333333333037e+00 4.627799999999999727e+02
3.000000000000000000e+00 4.630199999999999818e+02
3.041666666666666075e+00 4.623299999999999841e+02
3.083333333333333037e+00 4.629200000000000159e+02
3.125000000000000000e+00 4.641499999999999773e+02
3.166666666666666075e+00 4.622699999999999818e+02
3.208333333333333037e+00 4.609499999999999886e+02
3.250000000000000000e+00 4.601399999999999864e+02
3.291666666666666075e+00 4.595099999999999909e+02
3.333333333333333037e+00 4.606600000000000250e+02
3.375000000000000000e+00 4.600400000000000205e+02
3.416666666666666075e+00 4.609300000000000068e+02
3.458333333333333037e+00 4.617099999999999795e+02
3.500000000000000000e+00 4.622699999999999818e+02
3.541666666666666075e+00 4.622400000000000091e+02
3.583333333333333037e+00 4.619399999999999977e+02
3.625000000000000000e+00 4.622699999999999818e+02
3.666666666666666075e+00 4.627599999999999909e+02
3.708333333333333037e+00 4.641200000000000045e+02
3.750000000000000000e+00 4.633799999999999955e+02
3.791666666666666075e+00 4.633700000000000045e+02
3.833333333333333037e+00 4.641999999999999886e+02
3.875000000000000000e+00 4.634399999999999977e+02
3.916666666666666075e+00 4.644800000000000182e+02
3.958333333333333037e+00 4.655600000000000023e+02
4.000000000000000000e+00 4.661700000000000159e+02
