-4.000000000000000000e+00 4.416499999999999773e+02
-3.958333333333333481e+00 4.402300000000000182e+02
-3.916666666666666519e+00 4.402300000000000182e+02
-3.875000000000000000e+00 4.400799999999999841e+02
-3.833333333333333481e+00 4.416999999999999886e+02
-3.791666666666666519e+00 4.416100000000000136e+02
-3.750000000000000000e+00 4.422599999999999909e+02
-3.708333333333333481e+00 4.435899999999999750e+02
-3.666666666666666519e+00 4.432400000000000091e+02
-3.625000000000000000e+00 4.436800000000000068e+02
-3.583333333333333481e+00 4.442699999999999818e+02
-3.541666666666666519e+00 4.456700000000000159e+02
-3.500000000000000000e+00 4.445899999999999750e+02
-3.458333333333333481e+00 4.446000000000000227e+02
-3.416666666666666963e+00 4.453500000000000227e+02
-3.375000000000000000e+00 4.461499999999999773e+02
-3.333333333333333481e+00 4.458999999999999773e+02
-3.291666666666666963e+00 4.467099999999999795e+02
-3.250000000000000000e+00 4.466600000000000250e+02
-3.208333333333333481e+00 4.463399999999999750e+02
-3.166666666666666963e+00 4.468299999999999841e+02
-3.125000000000000000e+00 4.468500000000000227e+02
-3.083333333333333481e+00 4.482200000000000273e+02
-3.041666666666666963e+00 4.472699999999999818e+02
-3.000000000000000000e+00 4.463500000000000227e+02
-2.958333333333333481e+00 4.462900000000000205e+02
-2.916666666666666963e+00 4.468700000000000045e+02
-2.875000000000000000e+00 4.467900000000000205e+02
-2.833333333333333481e+00 4.481800000000000068e+02
-2.791666666666666963e+00 4.482300000000000182e+02
-2.750000000000000000e+00 4.469399999999999977e+02
-2.708333333333333481e+00 4.483899999999999864e+02
-2.666666666666666963e+00 4.478000000000000114e+02
-2.625000000000000000e+00 4.487799999999999727e+02
-2.583333333333333481e+00 4.476399999999999864e+02
-2.541666666666666963e+00 4.485400000000000205e+02
-2.500000000000000000e+00 4.478299999999999841e+02
-2.458333333333333481e+00 4.492200000000000273e+02
-2.416666666666666963e+00 4.493199999999999932e+02
-2.375000000000000000e+00 4.497400000000000091e+02
-2.333333333333333481e+00 4.504700000000000273e+02
-2.291666666666666963e+00 4.511999999999999886e+02
-2.250000000000000000e+00 4.496499999999999773e+02
-2.208333333333333481e+00 4.494399999999999977e+02
-2.166666666666666963e+00 4.496200000000000045e+02
-2.125000000000000000e+00 4.493999999999999773e+02
-2.083333333333333481e+00 4.493199999999999932e+02
-2.041666666666666963e+00 4.500500000000000114e+02
-2.000000000000000000e+00 4.508199999999999932e+02
-1.958333333333333481e+00 4.517799999999999727e+02
-1.916666666666666963e+00 4.529499999999999886e+02
-1.875000000000000000e+00 4.526299999999999955e+02
-1.833333333333333481e+00 4.527599999999999909e+02
-1.791666666666666963e+00 4.538600000000000136e+02
-1.750000000000000000e+00 4.540299999999999727e+02
-1.708333333333333481e+00 4.566800000000000068e+02
-1.666666666666666963e+00 4.574700000000000273e+02
-1.625000000000000000e+00 4.561100000000000136e+02
-1.583333333333333481e+00 4.569100000000000250e+02
-1.541666666666666963e+00 4.579100000000000250e+02
-1.500000000000000000e+00 4.584100000000000250e+02
-1.458333333333333481e+00 4.586000000000000227e+02
-1.416666666666666963e+00 4.576700000000000159e+02
-1.375000000000000000e+00 4.590299999999999727e+02
-1.333333333333333481e+00 4.619100000000000250e+02
-1.291666666666666963e+00 4.609399999999999977e+02
-1.250000000000000000e+00 4.629300000000000068e+02
-1.208333333333333481e+00 4.634900000000000091e+02
-1.166666666666666963e+00 4.622599999999999909e+02
-1.125000000000000000e+00 4.627200000000000273e+02
-1.083333333333333481e+00 4.607799999999999727e+02
-1.041666666666666963e+00 4.601100000000000136e+02
-1.000000000000000000e+00 4.590400000000000205e+02
-9.583333333333334814e-01 4.587200000000000273e+02
-9.166666666666669627e-01 4.584800000000000182e+02
-8.750000000000000000e-01 4.582599999999999909e+02
-8.333333333333334814e-01 4.575299999999999727e+02
-7.916666666666669627e-01 4.594599999999999795e+02
-7.500000000000000000e-01 4.592900000000000205e+02
-7.083333333333334814e-01 4.588700000000000045e+02
-6.666666666666669627e-01 4.603299999999999841e+02
-6.250000000000000000e-01 4.602699999999999818e+02
-5.833333333333334814e-01 4.607799999999999727e+02
-5.416666666666669627e-01 4.608199999999999932e+02
-5.000000000000000000e-01 4.606100000000000136e+02
-4.583333333333334814e-01 4.626200000000000045e+02
-4.166666666666669627e-01 4.633000000000000114e+02
-3.750000000000000000e-01 4.642200000000000273e+02
-3.333333333333334814e-01 4.648999999999999773e+02
-2.916666666666669627e-01 4.670799999999999841e+02
-2.500000000000000000e-01 4.657099999999999795e+02
-2.083333333333334814e-01 4.621100000000000136e+02
-1.666666666666669627e-01 4.632099999999999795e+02
-1.250000000000000000e-01 4.607799999999999727e+02
-8.333333333333348136e-02 4.520199999999999818e+02
-4.166666666666696273e-02 4.458999999999999773e+02
0.000000000000000000e+00 4.435099999999999909e+02
4.166666666666607455e-02 4.420699999999999932e+02
8.333333333333303727e-02 4.423799999999999955e+02
1.250000000000000000e-01 4.405000000000000000e+02
1.666666666666660745e-01 4.400199999999999818e+02
2.083333333333330373e-01 4.399599999999999795e+02
2.500000000000000000e-01 4.397300000000000182e+02
2.916666666666660745e-01 4.388500000000000227e+02
3.333333333333330373e-01 4.386499999999999773e+02
3.750000000000000000e-01 4.377099999999999795e+02
4.166666666666660745e-01 4.376299999999999955e+02
4.583333333333330373e-01 4.377500000000000000e+02
5.000000000000000000e-01 4.367799999999999727e+02
5.416666666666660745e-01 4.355500000000000114e+02
5.833333333333330373e-01 4.357400000000000091e+02
6.250000000000000000e-01 4.352500000000000000e+02
6.666666666666660745e-01 4.347900000000000205e+02
7.083333333333330373e-01 4.351899999999999977e+02
7.500000000000000000e-01 4.350400000000000205e+02
7.916666666666660745e-01 4.347799999999999727e+02
8.333333333333330373e-01 4.336899999999999977e+02
8.750000000000000000e-01 4.338999999999999773e+02
9.166666666666660745e-01 4.334599999999999795e+02
9.583333333333330373e-01 4.341899999999999977e+02
1.000000000000000000e+00 4.340600000000000023e+02
1.041666666666666075e+00 4.348000000000000114e+02
1.083333333333333037e+00 4.349399999999999977e+02
1.125000000000000000e+00 4.349300000000000068e+02
1.166666666666666075e+00 4.345799999999999841e+02
1.208333333333333037e+00 4.347900000000000205e+02
1.250000000000000000e+00 4.352400000000000091e+02
1.291666666666666075e+00 4.347200000000000273e+02
1.333333333333333037e+00 4.348700000000000045e+02
1.375000000000000000e+00 4.337900000000000205e+02
1.416666666666666075e+00 4.357400000000000091e+02
1.458333333333333037e+00 4.345400000000000205e+02
1.500000000000000000e+00 4.358600000000000136e+02
1.541666666666666075e+00 4.356800000000000068e+02
1.583333333333333037e+00 4.341399999999999864e+02
1.625000000000000000e+00 4.346100000000000136e+02
1.666666666666666075e+00 4.345600000000000023e+02
1.708333333333333037e+00 4.343000000000000114e+02
1.750000000000000000e+00 4.336499999999999773e+02
1.791666666666666075e+00 4.339800000000000182e+02
1.833333333333333037e+00 4.331600000000000250e+02
1.875000000000000000e+00 4.325400000000000205e+02
1.916666666666666075e+00 4.322599999999999909e+02
1.958333333333333037e+00 4.317799999999999727e+02
2.000000000000000000e+00 4.321299999999999955e+02
2.041666666666666075e+00 4.323100000000000023e+02
2.083333333333333037e+00 4.332099999999999795e+02
2.125000000000000000e+00 4.324700000000000273e+02
2.166666666666666075e+00 4.329100000000000250e+02
2.208333333333333037e+00 4.328500000000000227e+02
2.250000000000000000e+00 4.323199999999999932e+02
2.291666666666666075e+00 4.314599999999999795e+02
2.333333333333333037e+00 4.316600000000000250e+02
2.375000000000000000e+00 4.313399999999999750e+02
2.416666666666666075e+00 4.327099999999999795e+02
2.458333333333333037e+00 4.320699999999999932e+02
2.500000000000000000e+00 4.305899999999999750e+02
2.541666666666666075e+00 4.304399999999999977e+02
2.583333333333333037e+00 4.311000000000000227e+02
2.625000000000000000e+00 4.316700000000000159e+02
2.666666666666666075e+00 4.325899999999999750e+02
2.708333333333333037e+00 4.326499999999999773e+02
2.750000000000000000e+00 4.321899999999999977e+02
2.791666666666666075e+00 4.329200000000000159e+02
2.833333333333333037e+00 4.328500000000000227e+02
2.875000000000000000e+00 4.324499999999999886e+02
2.916666666666666075e+00 4.334300000000000068e+02
2.958333333333333037e+00 4.328000000000000114e+02
3.000000000000000000e+00 4.319900000000000091e+02
3.041666666666666075e+00 4.310799999999999841e+02
3.083333333333333037e+00 4.316899999999999977e+02
3.125000000000000000e+00 4.318299999999999841e+02
3.166666666666666075e+00 4.340199999999999818e+02
3.208333333333333037e+00 4.327200000000000273e+02
3.250000000000000000e+00 4.320400000000000205e+02
3.291666666666666075e+00 4.334900000000000091e+02
3.333333333333333037e+00 4.315799999999999841e+02
3.375000000000000000e+00 4.320400000000000205e+02
3.416666666666666075e+00 4.324100000000000250e+02
3.458333333333333037e+00 4.329100000000000250e+02
3.500000000000000000e+00 4.336399999999999864e+02
3.541666666666666075e+00 4.335400000000000205e+02
3.583333333333333037e+00 4.334800000000000182e+02
3.625000000000000000e+00 4.344700000000000273e+02
3.666666666666666075e+00 4.342300000000000182e+02
3.708333333333333037e+00 4.340899999999999750e+02
3.750000000000000000e+00 4.348100000000000023e+02
3.791666666666666075e+00 4.351100000000000136e+02
3.833333333333333037e+00 4.342300000000000182e+02
3.875000000000000000e+00 4.358899999999999864e+02
3.916666666666666075e+00 4.363600000000000136e+02
3.958333333333333037e+00 4.343999999999999773e+02
4.000000000000000000e+00 4.356299999999999955e+02
