-4.000000000000000000e+00 4.143199999999999932e+02
-3.958333333333333481e+00 4.142300000000000182e+02
-3.916666666666666519e+00 4.142699999999999818e+02
-3.875000000000000000e+00 4.145299999999999727e+02
-3.833333333333333481e+00 4.139399999999999977e+02
-3.791666666666666519e+00 4.143999999999999773e+02
-3.750000000000000000e+00 4.147900000000000205e+02
-3.708333333333333481e+00 4.152599999999999909e+02
-3.666666666666666519e+00 4.146200000000000045e+02
-3.625000000000000000e+00 4.149300000000000068e+02
-3.583333333333333481e+00 4.140299999999999727e+02
-3.541666666666666519e+00 4.129800000000000182e+02
-3.500000000000000000e+00 4.120600000000000023e+02
-3.458333333333333481e+00 4.114700000000000273e+02
-3.416666666666666963e+00 4.112900000000000205e+02
-3.375000000000000000e+00 4.112900000000000205e+02
-3.333333333333333481e+00 4.114700000000000273e+02
-3.291666666666666963e+00 4.118999999999999773e+02
-3.250000000000000000e+00 4.119499999999999886e+02
-3.208333333333333481e+00 4.111499999999999773e+02
-3.166666666666666963e+00 4.123500000000000227e+02
-3.125000000000000000e+00 4.110699999999999932e+02
-3.083333333333333481e+00 4.122099999999999795e+02
-3.041666666666666963e+00 4.127799999999999727e+02
-3.000000000000000000e+00 4.129200000000000159e+02
-2.958333333333333481e+00 4.128999999999999773e+02
-2.916666666666666963e+00 4.126200000000000045e+02
-2.875000000000000000e+00 4.118999999999999773e+02
-2.833333333333333481e+00 4.120299999999999727e+02
-2.791666666666666963e+00 4.124800000000000182e+02
-2.750000000000000000e+00 4.125600000000000023e+02
-2.708333333333333481e+00 4.120500000000000114e+02
-2.666666666666666963e+00 4.127200000000000273e+02
-2.625000000000000000e+00 4.133799999999999955e+02
-2.583333333333333481e+00 4.130000000000000000e+02
-2.541666666666666963e+00 4.139399999999999977e+02
-2.500000000000000000e+00 4.140899999999999750e+02
-2.458333333333333481e+00 4.138000000000000114e+02
-2.416666666666666963e+00 4.136700000000000159e+02
-2.375000000000000000e+00 4.133600000000000136e+02
-2.333333333333333481e+00 4.136700000000000159e+02
-2.291666666666666963e+00 4.135000000000000000e+02
-2.250000000000000000e+00 4.129599999999999795e+02
-2.208333333333333481e+00 4.151000000000000227e+02
-2.166666666666666963e+00 4.143000000000000114e+02
-2.125000000000000000e+00 4.143999999999999773e+02
-2.083333333333333481e+00 4.136600000000000250e+02
-2.041666666666666963e+00 4.139300000000000068e+02
-2.000000000000000000e+00 4.133399999999999750e+02
-1.958333333333333481e+00 4.130400000000000205e+02
-1.916666666666666963e+00 4.136399999999999864e+02
-1.875000000000000000e+00 4.135500000000000114e+02
-1.833333333333333481e+00 4.132500000000000000e+02
-1.791666666666666963e+00 4.135899999999999750e+02
-1.750000000000000000e+00 4.142900000000000205e+02
-1.708333333333333481e+00 4.135299999999999727e+02
-1.666666666666666963e+00 4.137699999999999818e+02
-1.625000000000000000e+00 4.146299999999999955e+02
-1.583333333333333481e+00 4.150699999999999932e+02
-1.541666666666666963e+00 4.158600000000000136e+02
-1.500000000000000000e+00 4.155500000000000114e+02
-1.458333333333333481e+00 4.161399999999999864e+02
-1.416666666666666963e+00 4.154499999999999886e+02
-1.375000000000000000e+00 4.166600000000000250e+02
-1.333333333333333481e+00 4.170199999999999818e+02
-1.291666666666666963e+00 4.171100000000000136e+02
-1.250000000000000000e+00 4.190099999999999909e+02
-1.208333333333333481e+00 4.171600000000000250e+02
-1.166666666666666963e+00 4.154100000000000250e+02
-1.125000000000000000e+00 4.133700000000000045e+02
-1.083333333333333481e+00 4.135699999999999932e+02
-1.041666666666666963e+00 4.130400000000000205e+02
-1.000000000000000000e+00 4.119900000000000091e+02
-9.583333333333334814e-01 4.121299999999999955e+02
-9.166666666666669627e-01 4.117599999999999909e+02
-8.750000000000000000e-01 4.118799999999999955e+02
-8.333333333333334814e-01 4.113299999999999841e+02
-7.916666666666669627e-01 4.115099999999999909e+02
-7.500000000000000000e-01 4.107699999999999818e+02
-7.083333333333334814e-01 4.109100000000000250e+02
-6.666666666666669627e-01 4.105899999999999750e+02
-6.250000000000000000e-01 4.106299999999999955e+02
-5.833333333333334814e-01 4.113299999999999841e+02
-5.416666666666669627e-01 4.100400000000000205e+02
-5.000000000000000000e-01 4.118999999999999773e+02
-4.583333333333334814e-01 4.120699999999999932e+02
-4.166666666666669627e-01 4.125000000000000000e+02
-3.750000000000000000e-01 4.111000000000000227e+02
-3.333333333333334814e-01 4.096999999999999886e+02
-2.916666666666669627e-01 4.091999999999999886e+02
-2.500000000000000000e-01 4.091600000000000250e+02
-2.083333333333334814e-01 4.082900000000000205e+02
-1.666666666666669627e-01 4.078100000000000023e+02
-1.250000000000000000e-01 4.092200000000000273e+02
-8.333333333333348136e-02 4.073100000000000023e+02
-4.166666666666696273e-02 4.062500000000000000e+02
0.000000000000000000e+00 4.076700000000000159e+02
4.166666666666607455e-02 4.058000000000000114e+02
8.333333333333303727e-02 4.063199999999999932e+02
1.250000000000000000e-01 4.074499999999999886e+02
1.666666666666660745e-01 4.067400000000000091e+02
2.083333333333330373e-01 4.059499999999999886e+02
2.500000000000000000e-01 4.052300000000000182e+02
2.916666666666660745e-01 4.050899999999999750e+02
3.333333333333330373e-01 4.052500000000000000e+02
3.750000000000000000e-01 4.046100000000000136e+02
4.166666666666660745e-01 4.054200000000000159e+02
4.583333333333330373e-01 4.047699999999999818e+02
5.000000000000000000e-01 4.060199999999999818e+02
5.416666666666660745e-01 4.069599999999999795e+02
5.833333333333330373e-01 4.057200000000000273e+02
6.250000000000000000e-01 4.053399999999999750e+02
6.666666666666660745e-01 4.045799999999999841e+02
7.083333333333330373e-01 4.048700000000000045e+02
7.500000000000000000e-01 4.044800000000000182e+02
7.916666666666660745e-01 4.049100000000000250e+02
8.333333333333330373e-01 4.051800000000000068e+02
8.750000000000000000e-01 4.035000000000000000e+02
9.166666666666660745e-01 4.017200000000000273e+02
9.583333333333330373e-01 4.016899999999999977e+02
1.000000000000000000e+00 4.007099999999999795e+02
1.041666666666666075e+00 4.009200000000000159e+02
1.083333333333333037e+00 4.027200000000000273e+02
1.125000000000000000e+00 4.013600000000000136e+02
1.166666666666666075e+00 4.018899999999999864e+02
1.208333333333333037e+00 4.003799999999999955e+02
1.250000000000000000e+00 4.004399999999999977e+02
1.291666666666666075e+00 4.010600000000000023e+02
1.333333333333333037e+00 4.006600000000000250e+02
1.375000000000000000e+00 4.016700000000000159e+02
1.416666666666666075e+00 4.022799999999999727e+02
1.458333333333333037e+00 4.019700000000000273e+02
1.500000000000000000e+00 4.007500000000000000e+02
1.541666666666666075e+00 4.020600000000000023e+02
1.583333333333333037e+00 4.017500000000000000e+02
1.625000000000000000e+00 4.018999999999999773e+02
1.666666666666666075e+00 4.026200000000000045e+02
1.708333333333333037e+00 4.028899999999999864e+02
1.750000000000000000e+00 4.016700000000000159e+02
1.791666666666666075e+00 4.015299999999999727e+02
1.833333333333333037e+00 4.024700000000000273e+02
1.875000000000000000e+00 4.025500000000000114e+02
1.916666666666666075e+00 4.027099999999999795e+02
1.958333333333333037e+00 4.022400000000000091e+02
2.000000000000000000e+00 4.012799999999999727e+02
2.041666666666666075e+00 4.019900000000000091e+02
2.083333333333333037e+00 4.033500000000000227e+02
2.125000000000000000e+00 4.033700000000000045e+02
2.166666666666666075e+00 4.033899999999999864e+02
2.208333333333333037e+00 4.040299999999999727e+02
2.250000000000000000e+00 4.035600000000000023e+02
2.291666666666666075e+00 4.035099999999999909e+02
2.333333333333333037e+00 4.027599999999999909e+02
2.375000000000000000e+00 4.035000000000000000e+02
2.416666666666666075e+00 4.038700000000000045e+02
2.458333333333333037e+00 4.048000000000000114e+02
2.500000000000000000e+00 4.053799999999999955e+02
2.541666666666666075e+00 4.058199999999999932e+02
2.583333333333333037e+00 4.055400000000000205e+02
2.625000000000000000e+00 4.049700000000000273e+02
2.666666666666666075e+00 4.047300000000000182e+02
2.708333333333333037e+00 4.059100000000000250e+02
2.750000000000000000e+00 4.062599999999999909e+02
2.791666666666666075e+00 4.051499999999999773e+02
2.833333333333333037e+00 4.051499999999999773e+02
2.875000000000000000e+00 4.053600000000000136e+02
2.916666666666666075e+00 4.046800000000000068e+02
2.958333333333333037e+00 4.038700000000000045e+02
3.000000000000000000e+00 4.036100000000000136e+02
3.041666666666666075e+00 4.046700000000000159e+02
3.083333333333333037e+00 4.046499999999999773e+02
3.125000000000000000e+00 4.048299999999999841e+02
3.166666666666666075e+00 4.056399999999999864e+02
3.208333333333333037e+00 4.047400000000000091e+02
3.250000000000000000e+00 4.047699999999999818e+02
3.291666666666666075e+00 4.058100000000000023e+02
3.333333333333333037e+00 4.050000000000000000e+02
3.375000000000000000e+00 4.044800000000000182e+02
3.416666666666666075e+00 4.056100000000000136e+02
3.458333333333333037e+00 4.057200000000000273e+02
3.500000000000000000e+00 4.063799999999999955e+02
3.541666666666666075e+00 4.063899999999999864e+02
3.583333333333333037e+00 4.072200000000000273e+02
3.625000000000000000e+00 4.065899999999999750e+02
3.666666666666666075e+00 4.076200000000000045e+02
3.708333333333333037e+00 4.075500000000000114e+02
3.750000000000000000e+00 4.084800000000000182e+02
3.791666666666666075e+00 4.081200000000000045e+02
3.833333333333333037e+00 4.089399999999999977e+02
3.875000000000000000e+00 4.078199999999999932e+02
3.916666666666666075e+00 4.072400000000000091e+02
3.958333333333333037e+00 4.071899999999999977e+02
4.000000000000000000e+00 4.083100000000000023e+02
