-4.000000000000000000e+00 4.379100000000000250e+02
-3.958333333333333481e+00 4.351000000000000227e+02
-3.916666666666666519e+00 4.353999999999999773e+02
-3.875000000000000000e+00 4.358100000000000023e+02
-3.833333333333333481e+00 4.353299999999999841e+02
-3.791666666666666519e+00 4.349100000000000250e+02
-3.750000000000000000e+00 4.341399999999999864e+02
-3.708333333333333481e+00 4.341999999999999886e+02
-3.666666666666666519e+00 4.329599999999999795e+02
-3.625000000000000000e+00 4.332500000000000000e+02
-3.583333333333333481e+00 4.327300000000000182e+02
-3.541666666666666519e+00 4.328199999999999932e+02
-3.500000000000000000e+00 4.335899999999999750e+02
-3.458333333333333481e+00 4.335799999999999841e+02
-3.416666666666666963e+00 4.334800000000000182e+02
-3.375000000000000000e+00 4.335699999999999932e+02
-3.333333333333333481e+00 4.341899999999999977e+02
-3.291666666666666963e+00 4.341700000000000159e+02
-3.250000000000000000e+00 4.336000000000000227e+02
-3.208333333333333481e+00 4.344700000000000273e+02
-3.166666666666666963e+00 4.354499999999999886e+02
-3.125000000000000000e+00 4.347300000000000182e+02
-3.083333333333333481e+00 4.329700000000000273e+02
-3.041666666666666963e+00 4.307699999999999818e+02
-3.000000000000000000e+00 4.288700000000000045e+02
-2.958333333333333481e+00 4.294100000000000250e+02
-2.916666666666666963e+00 4.267500000000000000e+02
-2.875000000000000000e+00 4.263299999999999841e+02
-2.833333333333333481e+00 4.237400000000000091e+02
-2.791666666666666963e+00 4.239399999999999977e+02
-2.750000000000000000e+00 4.233399999999999750e+02
-2.708333333333333481e+00 4.235199999999999818e+02
-2.666666666666666963e+00 4.231600000000000250e+02
-2.625000000000000000e+00 4.224700000000000273e+02
-2.583333333333333481e+00 4.228700000000000045e+02
-2.541666666666666963e+00 4.232500000000000000e+02
-2.500000000000000000e+00 4.225500000000000114e+02
-2.458333333333333481e+00 4.220199999999999818e+02
-2.416666666666666963e+00 4.236200000000000045e+02
-2.375000000000000000e+00 4.243799999999999955e+02
-2.333333333333333481e+00 4.232300000000000182e+02
-2.291666666666666963e+00 4.231999999999999886e+02
-2.250000000000000000e+00 4.232599999999999909e+02
-2.208333333333333481e+00 4.236700000000000159e+02
-2.166666666666666963e+00 4.238299999999999841e+02
-2.125000000000000000e+00 4.246399999999999864e+02
-2.083333333333333481e+00 4.254700000000000273e+02
-2.041666666666666963e+00 4.253000000000000114e+02
-2.000000000000000000e+00 4.256299999999999955e+02
-1.958333333333333481e+00 4.253999999999999773e+02
-1.916666666666666963e+00 4.251299999999999955e+02
-1.875000000000000000e+00 4.252200000000000273e+02
-1.833333333333333481e+00 4.256200000000000045e+02
-1.791666666666666963e+00 4.236100000000000136e+02
-1.750000000000000000e+00 4.239399999999999977e+02
-1.708333333333333481e+00 4.230799999999999841e+02
-1.666666666666666963e+00 4.233399999999999750e+02
-1.625000000000000000e+00 4.225199999999999818e+02
-1.583333333333333481e+00 4.239900000000000091e+02
-1.541666666666666963e+00 4.236499999999999773e+02
-1.500000000000000000e+00 4.229300000000000068e+02
-1.458333333333333481e+00 4.229200000000000159e+02
-1.416666666666666963e+00 4.223899999999999864e+02
-1.375000000000000000e+00 4.226299999999999955e+02
-1.333333333333333481e+00 4.219200000000000159e+02
-1.291666666666666963e+00 4.226399999999999864e+02
-1.250000000000000000e+00 4.229300000000000068e+02
-1.208333333333333481e+00 4.233899999999999864e+02
-1.166666666666666963e+00 4.230199999999999818e+02
-1.125000000000000000e+00 4.234800000000000182e+02
-1.083333333333333481e+00 4.243299999999999841e+02
-1.041666666666666963e+00 4.248399999999999750e+02
-1.000000000000000000e+00 4.239900000000000091e+02
-9.583333333333334814e-01 4.234599999999999795e+02
-9.166666666666669627e-01 4.246299999999999955e+02
-8.750000000000000000e-01 4.245199999999999818e+02
-8.333333333333334814e-01 4.246000000000000227e+02
-7.916666666666669627e-01 4.252900000000000205e+02
-7.500000000000000000e-01 4.245899999999999750e+02
-7.083333333333334814e-01 4.260799999999999841e+02
-6.666666666666669627e-01 4.236700000000000159e+02
-6.250000000000000000e-01 4.256499999999999773e+02
-5.833333333333334814e-01 4.255400000000000205e+02
-5.416666666666669627e-01 4.250000000000000000e+02
-5.000000000000000000e-01 4.262200000000000273e+02
-4.583333333333334814e-01 4.253100000000000023e+02
-4.166666666666669627e-01 4.251600000000000250e+02
-3.750000000000000000e-01 4.237799999999999727e+02
-3.333333333333334814e-01 4.238500000000000227e+02
-2.916666666666669627e-01 4.236499999999999773e+02
-2.500000000000000000e-01 4.236000000000000227e+02
-2.083333333333334814e-01 4.231299999999999955e+02
-1.666666666666669627e-01 4.237699999999999818e+02
-1.250000000000000000e-01 4.246499999999999773e+02
-8.333333333333348136e-02 4.241700000000000159e+02
-4.166666666666696273e-02 4.246399999999999864e+02
0.000000000000000000e+00 4.242099999999999795e+02
4.166666666666607455e-02 4.189900000000000091e+02
8.333333333333303727e-02 4.162200000000000273e+02
1.250000000000000000e-01 3.989499999999999886e+02
1.666666666666660745e-01 3.920400000000000205e+02
2.083333333333330373e-01 3.862599999999999909e+02
2.500000000000000000e-01 3.849499999999999886e+02
2.916666666666660745e-01 3.840699999999999932e+02
3.333333333333330373e-01 3.823100000000000023e+02
3.750000000000000000e-01 3.824700000000000273e+02
4.166666666666660745e-01 3.830799999999999841e+02
4.583333333333330373e-01 3.842200000000000273e+02
5.000000000000000000e-01 3.841299999999999955e+02
5.416666666666660745e-01 3.860400000000000205e+02
5.833333333333330373e-01 3.863600000000000136e+02
6.250000000000000000e-01 3.855500000000000114e+02
6.666666666666660745e-01 3.851700000000000159e+02
7.083333333333330373e-01 3.839399999999999977e+02
7.500000000000000000e-01 3.861999999999999886e+02
7.916666666666660745e-01 3.874399999999999977e+02
8.333333333333330373e-01 3.891499999999999773e+02
8.750000000000000000e-01 3.896999999999999886e+02
9.166666666666660745e-01 3.892799999999999727e+02
9.583333333333330373e-01 3.909399999999999977e+02
1.000000000000000000e+00 3.910699999999999932e+02
1.041666666666666075e+00 3.915899999999999750e+02
1.083333333333333037e+00 3.918799999999999955e+02
1.125000000000000000e+00 3.928100000000000023e+02
1.166666666666666075e+00 3.946499999999999773e+02
1.208333333333333037e+00 3.965299999999999727e+02
1.250000000000000000e+00 3.991200000000000045e+02
1.291666666666666075e+00 4.024700000000000273e+02
1.333333333333333037e+00 4.057099999999999795e+02
1.375000000000000000e+00 4.070400000000000205e+02
1.416666666666666075e+00 4.081399999999999864e+02
1.458333333333333037e+00 4.083999999999999773e+02
1.500000000000000000e+00 4.096399999999999864e+02
1.541666666666666075e+00 4.109399999999999977e+02
1.583333333333333037e+00 4.121100000000000136e+02
1.625000000000000000e+00 4.120299999999999727e+02
1.666666666666666075e+00 4.126399999999999864e+02
1.708333333333333037e+00 4.112200000000000273e+02
1.750000000000000000e+00 4.105699999999999932e+02
1.791666666666666075e+00 4.092599999999999909e+02
1.833333333333333037e+00 4.100400000000000205e+02
1.875000000000000000e+00 4.084900000000000091e+02
1.916666666666666075e+00 4.099900000000000091e+02
1.958333333333333037e+00 4.099700000000000273e+02
2.000000000000000000e+00 4.100299999999999727e+02
2.041666666666666075e+00 4.094900000000000091e+02
2.083333333333333037e+00 4.113600000000000136e+02
2.125000000000000000e+00 4.107500000000000000e+02
2.166666666666666075e+00 4.105799999999999841e+02
2.208333333333333037e+00 4.106600000000000250e+02
2.250000000000000000e+00 4.096499999999999773e+02
2.291666666666666075e+00 4.105099999999999909e+02
2.333333333333333037e+00 4.108999999999999773e+02
2.375000000000000000e+00 4.120899999999999750e+02
2.416666666666666075e+00 4.119200000000000159e+02
2.458333333333333037e+00 4.120099999999999909e+02
2.500000000000000000e+00 4.116499999999999773e+02
2.541666666666666075e+00 4.116700000000000159e+02
2.583333333333333037e+00 4.116100000000000136e+02
2.625000000000000000e+00 4.105199999999999818e+02
2.666666666666666075e+00 4.121600000000000250e+02
2.708333333333333037e+00 4.115199999999999818e+02
2.750000000000000000e+00 4.122099999999999795e+02
2.791666666666666075e+00 4.133199999999999932e+02
2.833333333333333037e+00 4.125400000000000205e+02
2.875000000000000000e+00 4.127200000000000273e+02
2.916666666666666075e+00 4.127500000000000000e+02
2.958333333333333037e+00 4.118899999999999864e+02
3.000000000000000000e+00 4.126000000000000227e+02
3.041666666666666075e+00 4.127099999999999795e+02
3.083333333333333037e+00 4.118700000000000045e+02
3.125000000000000000e+00 4.129300000000000068e+02
3.166666666666666075e+00 4.115400000000000205e+02
3.208333333333333037e+00 4.124700000000000273e+02
3.250000000000000000e+00 4.130500000000000114e+02
3.291666666666666075e+00 4.129499999999999886e+02
3.333333333333333037e+00 4.124499999999999886e+02
3.375000000000000000e+00 4.137300000000000182e+02
3.416666666666666075e+00 4.136100000000000136e+02
3.458333333333333037e+00 4.124300000000000068e+02
3.500000000000000000e+00 4.129599999999999795e+02
3.541666666666666075e+00 4.132500000000000000e+02
3.583333333333333037e+00 4.124300000000000068e+02
3.625000000000000000e+00 4.131700000000000159e+02
3.666666666666666075e+00 4.119499999999999886e+02
3.708333333333333037e+00 4.116399999999999864e+02
3.750000000000000000e+00 4.122400000000000091e+02
3.791666666666666075e+00 4.126700000000000159e+02
3.833333333333333037e+00 4.121800000000000068e+02
3.875000000000000000e+00 4.135600000000000023e+02
3.916666666666666075e+00 4.131499999999999773e+02
3.958333333333333037e+00 4.128299999999999841e+02
4.000000000000000000e+00 4.136700000000000159e+02
