-4.000000000000000000e+00 4.649300000000000068e+02
-3.958333333333333481e+00 4.645099999999999909e+02
-3.916666666666666519e+00 4.657799999999999727e+02
-3.875000000000000000e+00 4.638799999999999955e+02
-3.833333333333333481e+00 4.651000000000000227e+02
-3.791666666666666519e+00 4.646100000000000136e+02
-3.750000000000000000e+00 4.642400000000000091e+02
-3.708333333333333481e+00 4.651800000000000068e+02
-3.666666666666666519e+00 4.638199999999999932e+02
-3.625000000000000000e+00 4.635400000000000205e+02
-3.583333333333333481e+00 4.618299999999999841e+02
-3.541666666666666519e+00 4.630600000000000023e+02
-3.500000000000000000e+00 4.622300000000000182e+02
-3.458333333333333481e+00 4.642300000000000182e+02
-3.416666666666666963e+00 4.625500000000000114e+02
-3.375000000000000000e+00 4.633600000000000136e+02
-3.333333333333333481e+00 4.635500000000000114e+02
-3.291666666666666963e+00 4.633299999999999841e+02
-3.250000000000000000e+00 4.633799999999999955e+02
-3.208333333333333481e+00 4.633199999999999932e+02
-3.166666666666666963e+00 4.637500000000000000e+02
-3.125000000000000000e+00 4.639800000000000182e+02
-3.083333333333333481e+00 4.645199999999999818e+02
-3.041666666666666963e+00 4.622099999999999795e+02
-3.000000000000000000e+00 4.611999999999999886e+02
-2.958333333333333481e+00 4.627300000000000182e+02
-2.916666666666666963e+00 4.615199999999999818e+02
-2.875000000000000000e+00 4.621399999999999864e+02
-2.833333333333333481e+00 4.634399999999999977e+02
-2.791666666666666963e+00 4.640000000000000000e+02
-2.750000000000000000e+00 4.626000000000000227e+02
-2.708333333333333481e+00 4.627500000000000000e+02
-2.666666666666666963e+00 4.631000000000000227e+02
-2.625000000000000000e+00 4.643999999999999773e+02
-2.583333333333333481e+00 4.648199999999999932e+02
-2.541666666666666963e+00 4.648999999999999773e+02
-2.500000000000000000e+00 4.656000000000000227e+02
-2.458333333333333481e+00 4.658999999999999773e+02
-2.416666666666666963e+00 4.666499999999999773e+02
-2.375000000000000000e+00 4.660000000000000000e+02
-2.333333333333333481e+00 4.667300000000000182e+02
-2.291666666666666963e+00 4.664900000000000091e+02
-2.250000000000000000e+00 4.666700000000000159e+02
-2.208333333333333481e+00 4.673600000000000136e+02
-2.166666666666666963e+00 4.664800000000000182e+02
-2.125000000000000000e+00 4.673299999999999841e+02
-2.083333333333333481e+00 4.672500000000000000e+02
-2.041666666666666963e+00 4.674399999999999977e+02
-2.000000000000000000e+00 4.684300000000000068e+02
-1.958333333333333481e+00 4.666000000000000227e+02
-1.916666666666666963e+00 4.661399999999999864e+02
-1.875000000000000000e+00 4.664499999999999886e+02
-1.833333333333333481e+00 4.676800000000000068e+02
-1.791666666666666963e+00 4.680099999999999909e+02
-1.750000000000000000e+00 4.681499999999999773e+02
-1.708333333333333481e+00 4.664700000000000273e+02
-1.666666666666666963e+00 4.657400000000000091e+02
-1.625000000000000000e+00 4.647799999999999727e+02
-1.583333333333333481e+00 4.644499999999999886e+02
-1.541666666666666963e+00 4.637599999999999909e+02
-1.500000000000000000e+00 4.631700000000000159e+02
-1.458333333333333481e+00 4.644499999999999886e+02
-1.416666666666666963e+00 4.632300000000000182e+02
-1.375000000000000000e+00 4.616999999999999886e+02
-1.333333333333333481e+00 4.617799999999999727e+02
-1.291666666666666963e+00 4.620299999999999727e+02
-1.250000000000000000e+00 4.619800000000000182e+02
-1.208333333333333481e+00 4.625099999999999909e+02
-1.166666666666666963e+00 4.618799999999999955e+02
-1.125000000000000000e+00 4.638500000000000227e+02
-1.083333333333333481e+00 4.629800000000000182e+02
-1.041666666666666963e+00 4.624700000000000273e+02
-1.000000000000000000e+00 4.618500000000000227e+02
-9.583333333333334814e-01 4.635699999999999932e+02
-9.166666666666669627e-01 4.626700000000000159e+02
-8.750000000000000000e-01 4.631299999999999955e+02
-8.333333333333334814e-01 4.616999999999999886e+02
-7.916666666666669627e-01 4.616700000000000159e+02
-7.500000000000000000e-01 4.619800000000000182e+02
-7.083333333333334814e-01 4.619399999999999977e+02
-6.666666666666669627e-01 4.627599999999999909e+02
-6.250000000000000000e-01 4.631999999999999886e+02
-5.833333333333334814e-01 4.628999999999999773e+02
-5.416666666666669627e-01 4.625199999999999818e+02
-5.000000000000000000e-01 4.628799999999999955e+02
-4.583333333333334814e-01 4.638799999999999955e+02
-4.166666666666669627e-01 4.636399999999999864e+02
-3.750000000000000000e-01 4.639599999999999795e+02
-3.333333333333334814e-01 4.643399999999999750e+02
-2.916666666666669627e-01 4.633500000000000227e+02
-2.500000000000000000e-01 4.649300000000000068e+02
-2.083333333333334814e-01 4.648899999999999864e+02
-1.666666666666669627e-01 4.642699999999999818e+02
-1.250000000000000000e-01 4.646999999999999886e+02
-8.333333333333348136e-02 4.650600000000000023e+02
-4.166666666666696273e-02 4.638100000000000023e+02
0.000000000000000000e+00 4.605099999999999909e+02
4.166666666666607455e-02 4.601399999999999864e+02
8.333333333333303727e-02 4.557500000000000000e+02
1.250000000000000000e-01 4.546999999999999886e+02
1.666666666666660745e-01 4.559100000000000250e+02
2.083333333333330373e-01 4.523700000000000045e+02
2.500000000000000000e-01 4.536600000000000250e+02
2.916666666666660745e-01 4.548299999999999841e+02
3.333333333333330373e-01 4.536499999999999773e+02
3.750000000000000000e-01 4.535099999999999909e+02
4.166666666666660745e-01 4.535199999999999818e+02
4.583333333333330373e-01 4.538899999999999864e+02
5.000000000000000000e-01 4.532300000000000182e+02
5.416666666666660745e-01 4.528399999999999750e+02
5.833333333333330373e-01 4.524599999999999795e+02
6.250000000000000000e-01 4.519499999999999886e+02
6.666666666666660745e-01 4.531600000000000250e+02
7.083333333333330373e-01 4.536899999999999977e+02
7.500000000000000000e-01 4.535799999999999841e+02
7.916666666666660745e-01 4.546100000000000136e+02
8.333333333333330373e-01 4.542300000000000182e+02
8.750000000000000000e-01 4.530400000000000205e+02
9.166666666666660745e-01 4.536600000000000250e+02
9.583333333333330373e-01 4.550400000000000205e+02
1.000000000000000000e+00 4.554200000000000159e+02
1.041666666666666075e+00 4.554900000000000091e+02
1.083333333333333037e+00 4.550400000000000205e+02
1.125000000000000000e+00 4.563600000000000136e+02
1.166666666666666075e+00 4.563299999999999841e+02
1.208333333333333037e+00 4.567500000000000000e+02
1.250000000000000000e+00 4.565699999999999932e+02
1.291666666666666075e+00 4.562900000000000205e+02
1.333333333333333037e+00 4.571399999999999864e+02
1.375000000000000000e+00 4.567400000000000091e+02
1.416666666666666075e+00 4.576999999999999886e+02
1.458333333333333037e+00 4.568399999999999750e+02
1.500000000000000000e+00 4.561700000000000159e+02
1.541666666666666075e+00 4.578399999999999750e+02
1.583333333333333037e+00 4.574300000000000068e+02
1.625000000000000000e+00 4.578700000000000045e+02
1.666666666666666075e+00 4.578500000000000227e+02
1.708333333333333037e+00 4.572200000000000273e+02
1.750000000000000000e+00 4.573600000000000136e+02
1.791666666666666075e+00 4.576200000000000045e+02
1.833333333333333037e+00 4.572099999999999795e+02
1.875000000000000000e+00 4.567799999999999727e+02
1.916666666666666075e+00 4.576000000000000227e+02
1.958333333333333037e+00 4.579300000000000068e+02
2.000000000000000000e+00 4.583700000000000045e+02
2.041666666666666075e+00 4.583999999999999773e+02
2.083333333333333037e+00 4.579399999999999977e+02
2.125000000000000000e+00 4.593899999999999864e+02
2.166666666666666075e+00 4.596000000000000227e+02
2.208333333333333037e+00 4.600600000000000023e+02
2.250000000000000000e+00 4.599200000000000159e+02
2.291666666666666075e+00 4.603000000000000114e+02
2.333333333333333037e+00 4.611299999999999955e+02
2.375000000000000000e+00 4.597699999999999818e+02
2.416666666666666075e+00 4.615400000000000205e+02
2.458333333333333037e+00 4.608100000000000023e+02
2.500000000000000000e+00 4.602099999999999795e+02
2.541666666666666075e+00 4.610899999999999750e+02
2.583333333333333037e+00 4.604499999999999886e+02
2.625000000000000000e+00 4.615899999999999750e+02
2.666666666666666075e+00 4.616999999999999886e+02
2.708333333333333037e+00 4.623299999999999841e+02
2.750000000000000000e+00 4.608999999999999773e+02
2.791666666666666075e+00 4.613999999999999773e+02
2.833333333333333037e+00 4.610500000000000114e+02
2.875000000000000000e+00 4.616000000000000227e+02
2.916666666666666075e+00 4.597200000000000273e+02
2.958333333333333037e+00 4.597400000000000091e+02
3.000000000000000000e+00 4.597500000000000000e+02
3.041666666666666075e+00 4.613799999999999955e+02
3.083333333333333037e+00 4.598899999999999864e+02
3.125000000000000000e+00 4.601499999999999773e+02
3.166666666666666075e+00 4.606399999999999864e+02
3.208333333333333037e+00 4.612500000000000000e+02
3.250000000000000000e+00 4.616499999999999773e+02
3.291666666666666075e+00 4.608700000000000045e+02
3.333333333333333037e+00 4.606299999999999955e+02
3.375000000000000000e+00 4.621000000000000227e+02
3.416666666666666075e+00 4.621600000000000250e+02
3.458333333333333037e+00 4.625799999999999841e+02
3.500000000000000000e+00 4.619700000000000273e+02
3.541666666666666075e+00 4.591999999999999886e+02
3.583333333333333037e+00 4.602599999999999909e+02
3.625000000000000000e+00 4.601600000000000250e+02
3.666666666666666075e+00 4.600099999999999909e+02
3.708333333333333037e+00 4.601299999999999955e+02
3.750000000000000000e+00 4.585799999999999841e+02
3.791666666666666075e+00 4.583299999999999841e+02
3.833333333333333037e+00 4.591299999999999955e+02
3.875000000000000000e+00 4.599300000000000068e+02
3.916666666666666075e+00 4.583999999999999773e+02
3.958333333333333037e+00 4.593700000000000045e+02
4.000000000000000000e+00 4.594100000000000250e+02
