-4.000000000000000000e+00 4.082599999999999909e+02
-3.958333333333333481e+00 4.088399999999999750e+02
-3.916666666666666519e+00 4.086299999999999955e+02
-3.875000000000000000e+00 4.096399999999999864e+02
-3.833333333333333481e+00 4.095699999999999932e+02
-3.791666666666666519e+00 4.106800000000000068e+02
-3.750000000000000000e+00 4.110799999999999841e+02
-3.708333333333333481e+00 4.100500000000000114e+02
-3.666666666666666519e+00 4.091999999999999886e+02
-3.625000000000000000e+00 4.093600000000000136e+02
-3.583333333333333481e+00 4.093199999999999932e+02
-3.541666666666666519e+00 4.102900000000000205e+02
-3.500000000000000000e+00 4.105600000000000023e+02
-3.458333333333333481e+00 4.094499999999999886e+02
-3.416666666666666963e+00 4.101200000000000045e+02
-3.375000000000000000e+00 4.098700000000000045e+02
-3.333333333333333481e+00 4.101399999999999864e+02
-3.291666666666666963e+00 4.104399999999999977e+02
-3.250000000000000000e+00 4.106299999999999955e+02
-3.208333333333333481e+00 4.099900000000000091e+02
-3.166666666666666963e+00 4.091899999999999977e+02
-3.125000000000000000e+00 4.088399999999999750e+02
-3.083333333333333481e+00 4.092699999999999818e+02
-3.041666666666666963e+00 4.103799999999999955e+02
-3.000000000000000000e+00 4.091499999999999773e+02
-2.958333333333333481e+00 4.099700000000000273e+02
-2.916666666666666963e+00 4.099599999999999795e+02
-2.875000000000000000e+00 4.099399999999999977e+02
-2.833333333333333481e+00 4.099599999999999795e+02
-2.791666666666666963e+00 4.105199999999999818e+02
-2.750000000000000000e+00 4.102099999999999795e+02
-2.708333333333333481e+00 4.094300000000000068e+02
-2.666666666666666963e+00 4.082599999999999909e+02
-2.625000000000000000e+00 4.075699999999999932e+02
-2.583333333333333481e+00 4.071299999999999955e+02
-2.541666666666666963e+00 4.082799999999999727e+02
-2.500000000000000000e+00 4.091399999999999864e+02
-2.458333333333333481e+00 4.090299999999999727e+02
-2.416666666666666963e+00 4.082400000000000091e+02
-2.375000000000000000e+00 4.075899999999999750e+02
-2.333333333333333481e+00 4.080199999999999818e+02
-2.291666666666666963e+00 4.084700000000000273e+02
-2.250000000000000000e+00 4.079900000000000091e+02
-2.208333333333333481e+00 4.089200000000000159e+02
-2.166666666666666963e+00 4.093100000000000023e+02
-2.125000000000000000e+00 4.080500000000000114e+02
-2.083333333333333481e+00 4.085500000000000114e+02
-2.041666666666666963e+00 4.090500000000000114e+02
-2.000000000000000000e+00 4.089900000000000091e+02
-1.958333333333333481e+00 4.099599999999999795e+02
-1.916666666666666963e+00 4.099399999999999977e+02
-1.875000000000000000e+00 4.086399999999999864e+02
-1.833333333333333481e+00 4.087300000000000182e+02
-1.791666666666666963e+00 4.082500000000000000e+02
-1.750000000000000000e+00 4.091700000000000159e+02
-1.708333333333333481e+00 4.087900000000000205e+02
-1.666666666666666963e+00 4.085799999999999841e+02
-1.625000000000000000e+00 4.094499999999999886e+02
-1.583333333333333481e+00 4.093999999999999773e+02
-1.541666666666666963e+00 4.093999999999999773e+02
-1.500000000000000000e+00 4.091399999999999864e+02
-1.458333333333333481e+00 4.083500000000000227e+02
-1.416666666666666963e+00 4.094200000000000159e+02
-1.375000000000000000e+00 4.085400000000000205e+02
-1.333333333333333481e+00 4.086499999999999773e+02
-1.291666666666666963e+00 4.081200000000000045e+02
-1.250000000000000000e+00 4.074499999999999886e+02
-1.208333333333333481e+00 4.066499999999999773e+02
-1.166666666666666963e+00 4.058700000000000045e+02
-1.125000000000000000e+00 4.063100000000000023e+02
-1.083333333333333481e+00 4.058700000000000045e+02
-1.041666666666666963e+00 4.057400000000000091e+02
-1.000000000000000000e+00 4.062099999999999795e+02
-9.583333333333334814e-01 4.061200000000000045e+02
-9.166666666666669627e-01 4.060000000000000000e+02
-8.750000000000000000e-01 4.078600000000000136e+02
-8.333333333333334814e-01 4.090099999999999909e+02
-7.916666666666669627e-01 4.073199999999999932e+02
-7.500000000000000000e-01 4.067699999999999818e+02
-7.083333333333334814e-01 4.046399999999999864e+02
-6.666666666666669627e-01 4.048700000000000045e+02
-6.250000000000000000e-01 4.046399999999999864e+02
-5.833333333333334814e-01 4.040000000000000000e+02
-5.416666666666669627e-01 4.034499999999999886e+02
-5.000000000000000000e-01 4.032099999999999795e+02
-4.583333333333334814e-01 4.035799999999999841e+02
-4.166666666666669627e-01 4.024300000000000068e+02
-3.750000000000000000e-01 4.028700000000000045e+02
-3.333333333333334814e-01 4.029300000000000068e+02
-2.916666666666669627e-01 4.035199999999999818e+02
-2.500000000000000000e-01 4.035699999999999932e+02
-2.083333333333334814e-01 4.025500000000000114e+02
-1.666666666666669627e-01 4.001399999999999864e+02
-1.250000000000000000e-01 3.998799999999999955e+02
-8.333333333333348136e-02 4.002200000000000273e+02
-4.166666666666696273e-02 4.007900000000000205e+02
0.000000000000000000e+00 4.014900000000000091e+02
4.166666666666607455e-02 4.023299999999999841e+02
8.333333333333303727e-02 4.005600000000000023e+02
1.250000000000000000e-01 4.003600000000000136e+02
1.666666666666660745e-01 4.007500000000000000e+02
2.083333333333330373e-01 4.012599999999999909e+02
2.500000000000000000e-01 4.013199999999999932e+02
2.916666666666660745e-01 4.016899999999999977e+02
3.333333333333330373e-01 4.006100000000000136e+02
3.750000000000000000e-01 4.014300000000000068e+02
4.166666666666660745e-01 4.015299999999999727e+02
4.583333333333330373e-01 4.009900000000000091e+02
5.000000000000000000e-01 4.014100000000000250e+02
5.416666666666660745e-01 4.004399999999999977e+02
5.833333333333330373e-01 4.003299999999999841e+02
6.250000000000000000e-01 4.016800000000000068e+02
6.666666666666660745e-01 4.008799999999999955e+02
7.083333333333330373e-01 4.015000000000000000e+02
7.500000000000000000e-01 4.003199999999999932e+02
7.916666666666660745e-01 3.990600000000000023e+02
8.333333333333330373e-01 3.977799999999999727e+02
8.750000000000000000e-01 3.978299999999999841e+02
9.166666666666660745e-01 3.974900000000000091e+02
9.583333333333330373e-01 3.965000000000000000e+02
1.000000000000000000e+00 3.965899999999999750e+02
1.041666666666666075e+00 3.979900000000000091e+02
1.083333333333333037e+00 3.976200000000000045e+02
1.125000000000000000e+00 3.981100000000000136e+02
1.166666666666666075e+00 3.979700000000000273e+02
1.208333333333333037e+00 3.984300000000000068e+02
1.250000000000000000e+00 3.989300000000000068e+02
1.291666666666666075e+00 3.982099999999999795e+02
1.333333333333333037e+00 3.983000000000000114e+02
1.375000000000000000e+00 3.970500000000000114e+02
1.416666666666666075e+00 3.966600000000000250e+02
1.458333333333333037e+00 3.966600000000000250e+02
1.500000000000000000e+00 3.970400000000000205e+02
1.541666666666666075e+00 3.971600000000000250e+02
1.583333333333333037e+00 3.975000000000000000e+02
1.625000000000000000e+00 3.964100000000000250e+02
1.666666666666666075e+00 3.959200000000000159e+02
1.708333333333333037e+00 3.971200000000000045e+02
1.750000000000000000e+00 3.971000000000000227e+02
1.791666666666666075e+00 3.967900000000000205e+02
1.833333333333333037e+00 3.964700000000000273e+02
1.875000000000000000e+00 3.958999999999999773e+02
1.916666666666666075e+00 3.953600000000000136e+02
1.958333333333333037e+00 3.957799999999999727e+02
2.000000000000000000e+00 3.961100000000000136e+02
2.041666666666666075e+00 3.970199999999999818e+02
2.083333333333333037e+00 3.960699999999999932e+02
2.125000000000000000e+00 3.981800000000000068e+02
2.166666666666666075e+00 3.987500000000000000e+02
2.208333333333333037e+00 3.963100000000000023e+02
2.250000000000000000e+00 3.983799999999999955e+02
2.291666666666666075e+00 3.982200000000000273e+02
2.333333333333333037e+00 3.977599999999999909e+02
2.375000000000000000e+00 3.994100000000000250e+02
2.416666666666666075e+00 3.980699999999999932e+02
2.458333333333333037e+00 3.972900000000000205e+02
2.500000000000000000e+00 3.985699999999999932e+02
2.541666666666666075e+00 3.983100000000000023e+02
2.583333333333333037e+00 3.978999999999999773e+02
2.625000000000000000e+00 3.967300000000000182e+02
2.666666666666666075e+00 3.970799999999999841e+02
2.708333333333333037e+00 3.981899999999999977e+02
2.750000000000000000e+00 3.967799999999999727e+02
2.791666666666666075e+00 3.959399999999999977e+02
2.833333333333333037e+00 3.967300000000000182e+02
2.875000000000000000e+00 3.964200000000000159e+02
2.916666666666666075e+00 3.969800000000000182e+02
2.958333333333333037e+00 3.966299999999999955e+02
3.000000000000000000e+00 3.975600000000000023e+02
3.041666666666666075e+00 3.967699999999999818e+02
3.083333333333333037e+00 3.965699999999999932e+02
3.125000000000000000e+00 3.983199999999999932e+02
3.166666666666666075e+00 3.982300000000000182e+02
3.208333333333333037e+00 3.981399999999999864e+02
3.250000000000000000e+00 3.986600000000000250e+02
3.291666666666666075e+00 3.988799999999999955e+02
3.333333333333333037e+00 3.989800000000000182e+02
3.375000000000000000e+00 3.989200000000000159e+02
3.416666666666666075e+00 3.990000000000000000e+02
3.458333333333333037e+00 3.996100000000000136e+02
3.500000000000000000e+00 3.987699999999999818e+02
3.541666666666666075e+00 3.994100000000000250e+02
3.583333333333333037e+00 3.992599999999999909e+02
3.625000000000000000e+00 3.990799999999999841e+02
3.666666666666666075e+00 3.998700000000000045e+02
3.708333333333333037e+00 3.992599999999999909e+02
3.750000000000000000e+00 3.993899999999999864e+02
3.791666666666666075e+00 4.006299999999999955e+02
3.833333333333333037e+00 3.996999999999999886e+02
3.875000000000000000e+00 4.005899999999999750e+02
3.916666666666666075e+00 3.990099999999999909e+02
3.958333333333333037e+00 3.985899999999999750e+02
4.000000000000000000e+00 3.997599999999999909e+02
