-4.000000000000000000e+00 4.747699999999999818e+02
-3.958333333333333481e+00 4.733500000000000227e+02
-3.916666666666666519e+00 4.734300000000000068e+02
-3.875000000000000000e+00 4.712200000000000273e+02
-3.833333333333333481e+00 4.726499999999999773e+02
-3.791666666666666519e+00 4.700000000000000000e+02
-3.750000000000000000e+00 4.711100000000000136e+02
-3.708333333333333481e+00 4.723100000000000023e+02
-3.666666666666666519e+00 4.723999999999999773e+02
-3.625000000000000000e+00 4.733299999999999841e+02
-3.583333333333333481e+00 4.726800000000000068e+02
-3.541666666666666519e+00 4.736299999999999955e+02
-3.500000000000000000e+00 4.738399999999999750e+02
-3.458333333333333481e+00 4.728199999999999932e+02
-3.416666666666666963e+00 4.726499999999999773e+02
-3.375000000000000000e+00 4.729100000000000250e+02
-3.333333333333333481e+00 4.726000000000000227e+02
-3.291666666666666963e+00 4.723100000000000023e+02
-3.250000000000000000e+00 4.699900000000000091e+02
-3.208333333333333481e+00 4.695899999999999750e+02
-3.166666666666666963e+00 4.700199999999999818e+02
-3.125000000000000000e+00 4.695000000000000000e+02
-3.083333333333333481e+00 4.703100000000000023e+02
-3.041666666666666963e+00 4.697799999999999727e+02
-3.000000000000000000e+00 4.699100000000000250e+02
-2.958333333333333481e+00 4.700699999999999932e+02
-2.916666666666666963e+00 4.692500000000000000e+02
-2.875000000000000000e+00 4.681800000000000068e+02
-2.833333333333333481e+00 4.682500000000000000e+02
-2.791666666666666963e+00 4.686200000000000045e+02
-2.750000000000000000e+00 4.679599999999999795e+02
-2.708333333333333481e+00 4.686100000000000136e+02
-2.666666666666666963e+00 4.699399999999999977e+02
-2.625000000000000000e+00 4.702200000000000273e+02
-2.583333333333333481e+00 4.679499999999999886e+02
-2.541666666666666963e+00 4.689800000000000182e+02
-2.500000000000000000e+00 4.688799999999999955e+02
-2.458333333333333481e+00 4.696600000000000250e+02
-2.416666666666666963e+00 4.686600000000000250e+02
-2.375000000000000000e+00 4.681999999999999886e+02
-2.333333333333333481e+00 4.696899999999999977e+02
-2.291666666666666963e+00 4.710199999999999818e+02
-2.250000000000000000e+00 4.703799999999999955e+02
-2.208333333333333481e+00 4.703000000000000114e+02
-2.166666666666666963e+00 4.688199999999999932e+02
-2.125000000000000000e+00 4.693999999999999773e+02
-2.083333333333333481e+00 4.692099999999999795e+02
-2.041666666666666963e+00 4.697699999999999818e+02
-2.000000000000000000e+00 4.693399999999999750e+02
-1.958333333333333481e+00 4.701700000000000159e+02
-1.916666666666666963e+00 4.699399999999999977e+02
-1.875000000000000000e+00 4.691700000000000159e+02
-1.833333333333333481e+00 4.691999999999999886e+02
-1.791666666666666963e+00 4.700199999999999818e+02
-1.750000000000000000e+00 4.700899999999999750e+02
-1.708333333333333481e+00 4.698799999999999955e+02
-1.666666666666666963e+00 4.703600000000000136e+02
-1.625000000000000000e+00 4.703399999999999750e+02
-1.583333333333333481e+00 4.698000000000000114e+02
-1.541666666666666963e+00 4.708600000000000136e+02
-1.500000000000000000e+00 4.703199999999999932e+02
-1.458333333333333481e+00 4.703600000000000136e+02
-1.416666666666666963e+00 4.701200000000000045e+02
-1.375000000000000000e+00 4.710899999999999750e+02
-1.333333333333333481e+00 4.723100000000000023e+02
-1.291666666666666963e+00 4.716800000000000068e+02
-1.250000000000000000e+00 4.713700000000000045e+02
-1.208333333333333481e+00 4.718199999999999932e+02
-1.166666666666666963e+00 4.717300000000000182e+02
-1.125000000000000000e+00 4.723999999999999773e+02
-1.083333333333333481e+00 4.724700000000000273e+02
-1.041666666666666963e+00 4.732400000000000091e+02
-1.000000000000000000e+00 4.743199999999999932e+02
-9.583333333333334814e-01 4.749700000000000273e+02
-9.166666666666669627e-01 4.741299999999999955e+02
-8.750000000000000000e-01 4.744599999999999795e+02
-8.333333333333334814e-01 4.743999999999999773e+02
-7.916666666666669627e-01 4.752900000000000205e+02
-7.500000000000000000e-01 4.746999999999999886e+02
-7.083333333333334814e-01 4.739399999999999977e+02
-6.666666666666669627e-01 4.738399999999999750e+02
-6.250000000000000000e-01 4.728700000000000045e+02
-5.833333333333334814e-01 4.733600000000000136e+02
-5.416666666666669627e-01 4.722099999999999795e+02
-5.000000000000000000e-01 4.733700000000000045e+02
-4.583333333333334814e-01 4.725000000000000000e+02
-4.166666666666669627e-01 4.738600000000000136e+02
-3.750000000000000000e-01 4.737699999999999818e+02
-3.333333333333334814e-01 4.737599999999999909e+02
-2.916666666666669627e-01 4.733799999999999955e+02
-2.500000000000000000e-01 4.729599999999999795e+02
-2.083333333333334814e-01 4.719800000000000182e+02
-1.666666666666669627e-01 4.720899999999999750e+02
-1.250000000000000000e-01 4.713500000000000227e+02
-8.333333333333348136e-02 4.696399999999999864e+02
-4.166666666666696273e-02 4.691800000000000068e+02
0.000000000000000000e+00 4.653000000000000114e+02
4.166666666666607455e-02 4.659200000000000159e+02
8.333333333333303727e-02 4.656299999999999955e+02
1.250000000000000000e-01 4.658199999999999932e+02
1.666666666666660745e-01 4.651100000000000136e+02
2.083333333333330373e-01 4.644700000000000273e+02
2.500000000000000000e-01 4.648299999999999841e+02
2.916666666666660745e-01 4.646600000000000250e+02
3.333333333333330373e-01 4.645000000000000000e+02
3.750000000000000000e-01 4.651999999999999886e+02
4.166666666666660745e-01 4.640600000000000023e+02
4.583333333333330373e-01 4.643100000000000023e+02
5.000000000000000000e-01 4.642799999999999727e+02
5.416666666666660745e-01 4.650500000000000114e+02
5.833333333333330373e-01 4.643500000000000227e+02
6.250000000000000000e-01 4.635199999999999818e+02
6.666666666666660745e-01 4.642599999999999909e+02
7.083333333333330373e-01 4.641999999999999886e+02
7.500000000000000000e-01 4.633999999999999773e+02
7.916666666666660745e-01 4.637099999999999795e+02
8.333333333333330373e-01 4.650000000000000000e+02
8.750000000000000000e-01 4.655600000000000023e+02
9.166666666666660745e-01 4.639900000000000091e+02
9.583333333333330373e-01 4.646200000000000045e+02
1.000000000000000000e+00 4.639700000000000273e+02
1.041666666666666075e+00 4.649300000000000068e+02
1.083333333333333037e+00 4.643999999999999773e+02
1.125000000000000000e+00 4.641999999999999886e+02
1.166666666666666075e+00 4.646999999999999886e+02
1.208333333333333037e+00 4.642200000000000273e+02
1.250000000000000000e+00 4.653899999999999864e+02
1.291666666666666075e+00 4.652400000000000091e+02
1.333333333333333037e+00 4.646499999999999773e+02
1.375000000000000000e+00 4.662599999999999909e+02
1.416666666666666075e+00 4.655899999999999750e+02
1.458333333333333037e+00 4.662599999999999909e+02
1.500000000000000000e+00 4.662300000000000182e+02
1.541666666666666075e+00 4.668999999999999773e+02
1.583333333333333037e+00 4.676600000000000250e+02
1.625000000000000000e+00 4.669700000000000273e+02
1.666666666666666075e+00 4.669800000000000182e+02
1.708333333333333037e+00 4.678100000000000023e+02
1.750000000000000000e+00 4.670299999999999727e+02
1.791666666666666075e+00 4.669800000000000182e+02
1.833333333333333037e+00 4.661899999999999977e+02
1.875000000000000000e+00 4.669100000000000250e+02
1.916666666666666075e+00 4.672900000000000205e+02
1.958333333333333037e+00 4.658000000000000114e+02
2.000000000000000000e+00 4.673899999999999864e+02
2.041666666666666075e+00 4.664900000000000091e+02
2.083333333333333037e+00 4.653399999999999750e+02
2.125000000000000000e+00 4.656100000000000136e+02
2.166666666666666075e+00 4.659100000000000250e+02
2.208333333333333037e+00 4.653899999999999864e+02
2.250000000000000000e+00 4.651100000000000136e+02
2.291666666666666075e+00 4.649300000000000068e+02
2.333333333333333037e+00 4.645099999999999909e+02
2.375000000000000000e+00 4.657799999999999727e+02
2.416666666666666075e+00 4.638799999999999955e+02
2.458333333333333037e+00 4.651000000000000227e+02
2.500000000000000000e+00 4.646100000000000136e+02
2.541666666666666075e+00 4.642400000000000091e+02
2.583333333333333037e+00 4.651800000000000068e+02
2.625000000000000000e+00 4.638199999999999932e+02
2.666666666666666075e+00 4.635400000000000205e+02
2.708333333333333037e+00 4.618299999999999841e+02
2.750000000000000000e+00 4.630600000000000023e+02
2.791666666666666075e+00 4.622300000000000182e+02
2.833333333333333037e+00 4.642300000000000182e+02
2.875000000000000000e+00 4.625500000000000114e+02
2.916666666666666075e+00 4.633600000000000136e+02
2.958333333333333037e+00 4.635500000000000114e+02
3.000000000000000000e+00 4.633299999999999841e+02
3.041666666666666075e+00 4.633799999999999955e+02
3.083333333333333037e+00 4.633199999999999932e+02
3.125000000000000000e+00 4.637500000000000000e+02
3.166666666666666075e+00 4.639800000000000182e+02
3.208333333333333037e+00 4.645199999999999818e+02
3.250000000000000000e+00 4.622099999999999795e+02
3.291666666666666075e+00 4.611999999999999886e+02
3.333333333333333037e+00 4.627300000000000182e+02
3.375000000000000000e+00 4.615199999999999818e+02
3.416666666666666075e+00 4.621399999999999864e+02
3.458333333333333037e+00 4.634399999999999977e+02
3.500000000000000000e+00 4.640000000000000000e+02
3.541666666666666075e+00 4.626000000000000227e+02
3.583333333333333037e+00 4.627500000000000000e+02
3.625000000000000000e+00 4.631000000000000227e+02
3.666666666666666075e+00 4.643999999999999773e+02
3.708333333333333037e+00 4.648199999999999932e+02
3.750000000000000000e+00 4.648999999999999773e+02
3.791666666666666075e+00 4.656000000000000227e+02
3.833333333333333037e+00 4.658999999999999773e+02
3.875000000000000000e+00 4.666499999999999773e+02
3.916666666666666075e+00 4.660000000000000000e+02
3.958333333333333037e+00 4.667300000000000182e+02
4.000000000000000000e+00 4.664900000000000091e+02
