-4.000000000000000000e+00 4.687599999999999909e+02
-3.958333333333333481e+00 4.679100000000000250e+02
-3.916666666666666519e+00 4.688799999999999955e+02
-3.875000000000000000e+00 4.682900000000000205e+02
-3.833333333333333481e+00 4.698799999999999955e+02
-3.791666666666666519e+00 4.698100000000000023e+02
-3.750000000000000000e+00 4.700799999999999841e+02
-3.708333333333333481e+00 4.694300000000000068e+02
-3.666666666666666519e+00 4.684599999999999795e+02
-3.625000000000000000e+00 4.690600000000000023e+02
-3.583333333333333481e+00 4.695400000000000205e+02
-3.541666666666666519e+00 4.691399999999999864e+02
-3.500000000000000000e+00 4.682799999999999727e+02
-3.458333333333333481e+00 4.684900000000000091e+02
-3.416666666666666963e+00 4.689100000000000250e+02
-3.375000000000000000e+00 4.682500000000000000e+02
-3.333333333333333481e+00 4.678199999999999932e+02
-3.291666666666666963e+00 4.684200000000000159e+02
-3.250000000000000000e+00 4.681800000000000068e+02
-3.208333333333333481e+00 4.682400000000000091e+02
-3.166666666666666963e+00 4.688600000000000136e+02
-3.125000000000000000e+00 4.704399999999999977e+02
-3.083333333333333481e+00 4.691499999999999773e+02
-3.041666666666666963e+00 4.689499999999999886e+02
-3.000000000000000000e+00 4.691600000000000250e+02
-2.958333333333333481e+00 4.686399999999999864e+02
-2.916666666666666963e+00 4.691100000000000136e+02
-2.875000000000000000e+00 4.705099999999999909e+02
-2.833333333333333481e+00 4.683700000000000045e+02
-2.791666666666666963e+00 4.703700000000000045e+02
-2.750000000000000000e+00 4.690400000000000205e+02
-2.708333333333333481e+00 4.697900000000000205e+02
-2.666666666666666963e+00 4.691000000000000227e+02
-2.625000000000000000e+00 4.690400000000000205e+02
-2.583333333333333481e+00 4.681600000000000250e+02
-2.541666666666666963e+00 4.683199999999999932e+02
-2.500000000000000000e+00 4.676200000000000045e+02
-2.458333333333333481e+00 4.672699999999999818e+02
-2.416666666666666963e+00 4.667099999999999795e+02
-2.375000000000000000e+00 4.661299999999999955e+02
-2.333333333333333481e+00 4.677400000000000091e+02
-2.291666666666666963e+00 4.678999999999999773e+02
-2.250000000000000000e+00 4.681299999999999955e+02
-2.208333333333333481e+00 4.679900000000000091e+02
-2.166666666666666963e+00 4.680000000000000000e+02
-2.125000000000000000e+00 4.678600000000000136e+02
-2.083333333333333481e+00 4.687900000000000205e+02
-2.041666666666666963e+00 4.683999999999999773e+02
-2.000000000000000000e+00 4.700699999999999932e+02
-1.958333333333333481e+00 4.699499999999999886e+02
-1.916666666666666963e+00 4.694700000000000273e+02
-1.875000000000000000e+00 4.701399999999999864e+02
-1.833333333333333481e+00 4.689200000000000159e+02
-1.791666666666666963e+00 4.679700000000000273e+02
-1.750000000000000000e+00 4.688199999999999932e+02
-1.708333333333333481e+00 4.673399999999999750e+02
-1.666666666666666963e+00 4.650500000000000114e+02
-1.625000000000000000e+00 4.620199999999999818e+02
-1.583333333333333481e+00 4.621000000000000227e+02
-1.541666666666666963e+00 4.611600000000000250e+02
-1.500000000000000000e+00 4.607900000000000205e+02
-1.458333333333333481e+00 4.632900000000000205e+02
-1.416666666666666963e+00 4.639700000000000273e+02
-1.375000000000000000e+00 4.641399999999999864e+02
-1.333333333333333481e+00 4.630600000000000023e+02
-1.291666666666666963e+00 4.630099999999999909e+02
-1.250000000000000000e+00 4.641600000000000250e+02
-1.208333333333333481e+00 4.648600000000000136e+02
-1.166666666666666963e+00 4.645799999999999841e+02
-1.125000000000000000e+00 4.644900000000000091e+02
-1.083333333333333481e+00 4.638000000000000114e+02
-1.041666666666666963e+00 4.646299999999999955e+02
-1.000000000000000000e+00 4.648899999999999864e+02
-9.583333333333334814e-01 4.658000000000000114e+02
-9.166666666666669627e-01 4.655799999999999841e+02
-8.750000000000000000e-01 4.667900000000000205e+02
-8.333333333333334814e-01 4.667300000000000182e+02
-7.916666666666669627e-01 4.683799999999999955e+02
-7.500000000000000000e-01 4.698000000000000114e+02
-7.083333333333334814e-01 4.686499999999999773e+02
-6.666666666666669627e-01 4.697500000000000000e+02
-6.250000000000000000e-01 4.689499999999999886e+02
-5.833333333333334814e-01 4.691700000000000159e+02
-5.416666666666669627e-01 4.680299999999999727e+02
-5.000000000000000000e-01 4.668700000000000045e+02
-4.583333333333334814e-01 4.630299999999999727e+02
-4.166666666666669627e-01 4.651100000000000136e+02
-3.750000000000000000e-01 4.626800000000000068e+02
-3.333333333333334814e-01 4.615299999999999727e+02
-2.916666666666669627e-01 4.610500000000000114e+02
-2.500000000000000000e-01 4.628600000000000136e+02
-2.083333333333334814e-01 4.613399999999999750e+02
-1.666666666666669627e-01 4.608500000000000227e+02
-1.250000000000000000e-01 4.596200000000000045e+02
-8.333333333333348136e-02 4.583700000000000045e+02
-4.166666666666696273e-02 4.571299999999999955e+02
0.000000000000000000e+00 4.579100000000000250e+02
4.166666666666607455e-02 4.583100000000000023e+02
8.333333333333303727e-02 4.550400000000000205e+02
1.250000000000000000e-01 4.549800000000000182e+02
1.666666666666660745e-01 4.558000000000000114e+02
2.083333333333330373e-01 4.544900000000000091e+02
2.500000000000000000e-01 4.545099999999999909e+02
2.916666666666660745e-01 4.536200000000000045e+02
3.333333333333330373e-01 4.530400000000000205e+02
3.750000000000000000e-01 4.538700000000000045e+02
4.166666666666660745e-01 4.540199999999999818e+02
4.583333333333330373e-01 4.551100000000000136e+02
5.000000000000000000e-01 4.542400000000000091e+02
5.416666666666660745e-01 4.539300000000000068e+02
5.833333333333330373e-01 4.554200000000000159e+02
6.250000000000000000e-01 4.551100000000000136e+02
6.666666666666660745e-01 4.542099999999999795e+02
7.083333333333330373e-01 4.549800000000000182e+02
7.500000000000000000e-01 4.550699999999999932e+02
7.916666666666660745e-01 4.557599999999999909e+02
8.333333333333330373e-01 4.558500000000000227e+02
8.750000000000000000e-01 4.554599999999999795e+02
9.166666666666660745e-01 4.558799999999999955e+02
9.583333333333330373e-01 4.554100000000000250e+02
1.000000000000000000e+00 4.561399999999999864e+02
1.041666666666666075e+00 4.568600000000000136e+02
1.083333333333333037e+00 4.563399999999999750e+02
1.125000000000000000e+00 4.573899999999999864e+02
1.166666666666666075e+00 4.577699999999999818e+02
1.208333333333333037e+00 4.567300000000000182e+02
1.250000000000000000e+00 4.583999999999999773e+02
1.291666666666666075e+00 4.594499999999999886e+02
1.333333333333333037e+00 4.571700000000000159e+02
1.375000000000000000e+00 4.563700000000000045e+02
1.416666666666666075e+00 4.589200000000000159e+02
1.458333333333333037e+00 4.578799999999999955e+02
1.500000000000000000e+00 4.586000000000000227e+02
1.541666666666666075e+00 4.583000000000000114e+02
1.583333333333333037e+00 4.584200000000000159e+02
1.625000000000000000e+00 4.568600000000000136e+02
1.666666666666666075e+00 4.581000000000000227e+02
1.708333333333333037e+00 4.571700000000000159e+02
1.750000000000000000e+00 4.590099999999999909e+02
1.791666666666666075e+00 4.588600000000000136e+02
1.833333333333333037e+00 4.591800000000000068e+02
1.875000000000000000e+00 4.581999999999999886e+02
1.916666666666666075e+00 4.594499999999999886e+02
1.958333333333333037e+00 4.591700000000000159e+02
2.000000000000000000e+00 4.586100000000000136e+02
2.041666666666666075e+00 4.588600000000000136e+02
2.083333333333333037e+00 4.609499999999999886e+02
2.125000000000000000e+00 4.586800000000000068e+02
2.166666666666666075e+00 4.601399999999999864e+02
2.208333333333333037e+00 4.599499999999999886e+02
2.250000000000000000e+00 4.605099999999999909e+02
2.291666666666666075e+00 4.609399999999999977e+02
2.333333333333333037e+00 4.611399999999999864e+02
2.375000000000000000e+00 4.602400000000000091e+02
2.416666666666666075e+00 4.606100000000000136e+02
2.458333333333333037e+00 4.609200000000000159e+02
2.500000000000000000e+00 4.617099999999999795e+02
2.541666666666666075e+00 4.626700000000000159e+02
2.583333333333333037e+00 4.617599999999999909e+02
2.625000000000000000e+00 4.628600000000000136e+02
2.666666666666666075e+00 4.625799999999999841e+02
2.708333333333333037e+00 4.630400000000000205e+02
2.750000000000000000e+00 4.626100000000000136e+02
2.791666666666666075e+00 4.615699999999999932e+02
2.833333333333333037e+00 4.630099999999999909e+02
2.875000000000000000e+00 4.633299999999999841e+02
2.916666666666666075e+00 4.626800000000000068e+02
2.958333333333333037e+00 4.629300000000000068e+02
3.000000000000000000e+00 4.631100000000000136e+02
3.041666666666666075e+00 4.642799999999999727e+02
3.083333333333333037e+00 4.636100000000000136e+02
3.125000000000000000e+00 4.629100000000000250e+02
3.166666666666666075e+00 4.654200000000000159e+02
3.208333333333333037e+00 4.648899999999999864e+02
3.250000000000000000e+00 4.651899999999999977e+02
3.291666666666666075e+00 4.657900000000000205e+02
3.333333333333333037e+00 4.655899999999999750e+02
3.375000000000000000e+00 4.657300000000000182e+02
3.416666666666666075e+00 4.661600000000000250e+02
3.458333333333333037e+00 4.666499999999999773e+02
3.500000000000000000e+00 4.664200000000000159e+02
3.541666666666666075e+00 4.655299999999999727e+02
3.583333333333333037e+00 4.654100000000000250e+02
3.625000000000000000e+00 4.657699999999999818e+02
3.666666666666666075e+00 4.663399999999999750e+02
3.708333333333333037e+00 4.663899999999999864e+02
3.750000000000000000e+00 4.655400000000000205e+02
3.791666666666666075e+00 4.644300000000000068e+02
3.833333333333333037e+00 4.657200000000000273e+02
3.875000000000000000e+00 4.642099999999999795e+02
3.916666666666666075e+00 4.643999999999999773e+02
3.958333333333333037e+00 4.659100000000000250e+02
4.000000000000000000e+00 4.661899999999999977e+02
