-4.000000000000000000e+00 4.093600000000000136e+02
-3.958333333333333481e+00 4.087500000000000000e+02
-3.916666666666666519e+00 4.083199999999999932e+02
-3.875000000000000000e+00 4.073000000000000114e+02
-3.833333333333333481e+00 4.065400000000000205e+02
-3.791666666666666519e+00 4.064200000000000159e+02
-3.750000000000000000e+00 4.056299999999999955e+02
-3.708333333333333481e+00 4.053500000000000227e+02
-3.666666666666666519e+00 4.049399999999999977e+02
-3.625000000000000000e+00 4.049200000000000159e+02
-3.583333333333333481e+00 4.053299999999999841e+02
-3.541666666666666519e+00 4.064800000000000182e+02
-3.500000000000000000e+00 4.057900000000000205e+02
-3.458333333333333481e+00 4.060600000000000023e+02
-3.416666666666666963e+00 4.059900000000000091e+02
-3.375000000000000000e+00 4.070500000000000114e+02
-3.333333333333333481e+00 4.070500000000000114e+02
-3.291666666666666963e+00 4.073700000000000045e+02
-3.250000000000000000e+00 4.086200000000000045e+02
-3.208333333333333481e+00 4.087599999999999909e+02
-3.166666666666666963e+00 4.088000000000000114e+02
-3.125000000000000000e+00 4.068999999999999773e+02
-3.083333333333333481e+00 4.079200000000000159e+02
-3.041666666666666963e+00 4.086600000000000250e+02
-3.000000000000000000e+00 4.084800000000000182e+02
-2.958333333333333481e+00 4.075000000000000000e+02
-2.916666666666666963e+00 4.080899999999999750e+02
-2.875000000000000000e+00 4.087099999999999795e+02
-2.833333333333333481e+00 4.076999999999999886e+02
-2.791666666666666963e+00 4.081800000000000068e+02
-2.750000000000000000e+00 4.083399999999999750e+02
-2.708333333333333481e+00 4.083700000000000045e+02
-2.666666666666666963e+00 4.086299999999999955e+02
-2.625000000000000000e+00 4.085899999999999750e+02
-2.583333333333333481e+00 4.092900000000000205e+02
-2.541666666666666963e+00 4.095799999999999841e+02
-2.500000000000000000e+00 4.091899999999999977e+02
-2.458333333333333481e+00 4.091600000000000250e+02
-2.416666666666666963e+00 4.099200000000000159e+02
-2.375000000000000000e+00 4.102400000000000091e+02
-2.333333333333333481e+00 4.101000000000000227e+02
-2.291666666666666963e+00 4.095699999999999932e+02
-2.250000000000000000e+00 4.110799999999999841e+02
-2.208333333333333481e+00 4.110500000000000114e+02
-2.166666666666666963e+00 4.109499999999999886e+02
-2.125000000000000000e+00 4.116999999999999886e+02
-2.083333333333333481e+00 4.101200000000000045e+02
-2.041666666666666963e+00 4.112699999999999818e+02
-2.000000000000000000e+00 4.111899999999999977e+02
-1.958333333333333481e+00 4.109599999999999795e+02
-1.916666666666666963e+00 4.114399999999999977e+02
-1.875000000000000000e+00 4.125099999999999909e+02
-1.833333333333333481e+00 4.130400000000000205e+02
-1.791666666666666963e+00 4.137500000000000000e+02
-1.750000000000000000e+00 4.114200000000000159e+02
-1.708333333333333481e+00 4.123999999999999773e+02
-1.666666666666666963e+00 4.115799999999999841e+02
-1.625000000000000000e+00 4.129399999999999977e+02
-1.583333333333333481e+00 4.132099999999999795e+02
-1.541666666666666963e+00 4.143100000000000023e+02
-1.500000000000000000e+00 4.135699999999999932e+02
-1.458333333333333481e+00 4.122799999999999727e+02
-1.416666666666666963e+00 4.107200000000000273e+02
-1.375000000000000000e+00 4.088500000000000227e+02
-1.333333333333333481e+00 4.093199999999999932e+02
-1.291666666666666963e+00 4.088100000000000023e+02
-1.250000000000000000e+00 4.093899999999999864e+02
-1.208333333333333481e+00 4.095699999999999932e+02
-1.166666666666666963e+00 4.094800000000000182e+02
-1.125000000000000000e+00 4.094100000000000250e+02
-1.083333333333333481e+00 4.102099999999999795e+02
-1.041666666666666963e+00 4.095799999999999841e+02
-1.000000000000000000e+00 4.102400000000000091e+02
-9.583333333333334814e-01 4.083000000000000114e+02
-9.166666666666669627e-01 4.076499999999999773e+02
-8.750000000000000000e-01 4.055400000000000205e+02
-8.333333333333334814e-01 4.050400000000000205e+02
-7.916666666666669627e-01 4.053100000000000023e+02
-7.500000000000000000e-01 4.057500000000000000e+02
-7.083333333333334814e-01 4.044900000000000091e+02
-6.666666666666669627e-01 4.039300000000000068e+02
-6.250000000000000000e-01 4.013299999999999841e+02
-5.833333333333334814e-01 4.036200000000000045e+02
-5.416666666666669627e-01 4.032200000000000273e+02
-5.000000000000000000e-01 4.036100000000000136e+02
-4.583333333333334814e-01 4.030099999999999909e+02
-4.166666666666669627e-01 4.024399999999999977e+02
-3.750000000000000000e-01 4.032900000000000205e+02
-3.333333333333334814e-01 4.038399999999999750e+02
-2.916666666666669627e-01 4.029399999999999977e+02
-2.500000000000000000e-01 4.034300000000000068e+02
-2.083333333333334814e-01 4.047400000000000091e+02
-1.666666666666669627e-01 4.008899999999999864e+02
-1.250000000000000000e-01 4.012200000000000273e+02
-8.333333333333348136e-02 4.015099999999999909e+02
-4.166666666666696273e-02 4.005099999999999909e+02
0.000000000000000000e+00 4.003899999999999864e+02
4.166666666666607455e-02 3.988700000000000045e+02
8.333333333333303727e-02 3.961899999999999977e+02
1.250000000000000000e-01 3.977200000000000273e+02
1.666666666666660745e-01 3.970000000000000000e+02
2.083333333333330373e-01 3.948000000000000114e+02
2.500000000000000000e-01 3.951299999999999955e+02
2.916666666666660745e-01 3.965500000000000114e+02
3.333333333333330373e-01 3.953700000000000045e+02
3.750000000000000000e-01 3.944100000000000250e+02
4.166666666666660745e-01 3.944300000000000068e+02
4.583333333333330373e-01 3.934100000000000250e+02
5.000000000000000000e-01 3.945500000000000114e+02
5.416666666666660745e-01 3.936399999999999864e+02
5.833333333333330373e-01 3.950600000000000023e+02
6.250000000000000000e-01 3.950400000000000205e+02
6.666666666666660745e-01 3.949499999999999886e+02
7.083333333333330373e-01 3.938799999999999955e+02
7.500000000000000000e-01 3.947300000000000182e+02
7.916666666666660745e-01 3.950000000000000000e+02
8.333333333333330373e-01 3.952699999999999818e+02
8.750000000000000000e-01 3.952200000000000273e+02
9.166666666666660745e-01 3.966800000000000068e+02
9.583333333333330373e-01 3.962500000000000000e+02
1.000000000000000000e+00 3.953100000000000023e+02
1.041666666666666075e+00 3.951200000000000045e+02
1.083333333333333037e+00 3.960199999999999818e+02
1.125000000000000000e+00 3.949399999999999977e+02
1.166666666666666075e+00 3.945600000000000023e+02
1.208333333333333037e+00 3.952599999999999909e+02
1.250000000000000000e+00 3.949100000000000250e+02
1.291666666666666075e+00 3.941999999999999886e+02
1.333333333333333037e+00 3.935000000000000000e+02
1.375000000000000000e+00 3.938100000000000023e+02
1.416666666666666075e+00 3.946499999999999773e+02
1.458333333333333037e+00 3.949599999999999795e+02
1.500000000000000000e+00 3.948100000000000023e+02
1.541666666666666075e+00 3.954800000000000182e+02
1.583333333333333037e+00 3.938100000000000023e+02
1.625000000000000000e+00 3.945500000000000114e+02
1.666666666666666075e+00 3.955099999999999909e+02
1.708333333333333037e+00 3.956100000000000136e+02
1.750000000000000000e+00 3.953199999999999932e+02
1.791666666666666075e+00 3.954100000000000250e+02
1.833333333333333037e+00 3.956200000000000045e+02
1.875000000000000000e+00 3.958899999999999864e+02
1.916666666666666075e+00 3.951899999999999977e+02
1.958333333333333037e+00 3.956999999999999886e+02
2.000000000000000000e+00 3.954700000000000273e+02
2.041666666666666075e+00 3.952200000000000273e+02
2.083333333333333037e+00 3.956100000000000136e+02
2.125000000000000000e+00 3.935899999999999750e+02
2.166666666666666075e+00 3.943000000000000114e+02
2.208333333333333037e+00 3.955500000000000114e+02
2.250000000000000000e+00 3.957500000000000000e+02
2.291666666666666075e+00 3.957500000000000000e+02
2.333333333333333037e+00 3.951800000000000068e+02
2.375000000000000000e+00 3.950099999999999909e+02
2.416666666666666075e+00 3.957599999999999909e+02
2.458333333333333037e+00 3.967200000000000273e+02
2.500000000000000000e+00 3.963999999999999773e+02
2.541666666666666075e+00 3.953700000000000045e+02
2.583333333333333037e+00 3.958399999999999750e+02
2.625000000000000000e+00 3.956899999999999977e+02
2.666666666666666075e+00 3.956600000000000250e+02
2.708333333333333037e+00 3.953899999999999864e+02
2.750000000000000000e+00 3.940299999999999727e+02
2.791666666666666075e+00 3.947099999999999795e+02
2.833333333333333037e+00 3.954100000000000250e+02
2.875000000000000000e+00 3.949300000000000068e+02
2.916666666666666075e+00 3.952599999999999909e+02
2.958333333333333037e+00 3.946499999999999773e+02
3.000000000000000000e+00 3.954300000000000068e+02
3.041666666666666075e+00 3.957900000000000205e+02
3.083333333333333037e+00 3.957099999999999795e+02
3.125000000000000000e+00 3.958299999999999841e+02
3.166666666666666075e+00 3.952400000000000091e+02
3.208333333333333037e+00 3.958799999999999955e+02
3.250000000000000000e+00 3.960799999999999841e+02
3.291666666666666075e+00 3.966700000000000159e+02
3.333333333333333037e+00 3.963299999999999841e+02
3.375000000000000000e+00 3.964100000000000250e+02
3.416666666666666075e+00 3.948700000000000045e+02
3.458333333333333037e+00 3.955099999999999909e+02
3.500000000000000000e+00 3.952599999999999909e+02
3.541666666666666075e+00 3.976100000000000136e+02
3.583333333333333037e+00 3.970000000000000000e+02
3.625000000000000000e+00 3.979200000000000159e+02
3.666666666666666075e+00 3.976200000000000045e+02
3.708333333333333037e+00 3.970099999999999909e+02
3.750000000000000000e+00 3.979900000000000091e+02
3.791666666666666075e+00 3.970099999999999909e+02
3.833333333333333037e+00 3.980299999999999727e+02
3.875000000000000000e+00 3.977799999999999727e+02
3.916666666666666075e+00 3.974499999999999886e+02
3.958333333333333037e+00 3.972599999999999909e+02
4.000000000000000000e+00 3.980899999999999750e+02
