GCR Energy Spectrum (2008 @ 5 au w/ GALPROP)
https://gcr.lpl.arizona.edu/gcr.php
Energy (MeV)      	Differential Intensity (m⁻² s⁻¹ sr⁻¹ MeV⁻¹)
3.0000000000000004	0.061496962712982134
3.3000000000000007	0.06749868609106567
3.6300000000000012	0.07407609942436173
3.993000000000002 	0.0812823467738269
4.392300000000002 	0.08917504693707662
4.831530000000003 	0.09781657907969059
5.314683000000005 	0.10727436609182163
5.846151300000006 	0.11762114980080902
6.430766430000007 	0.12893525063832711
7.073843073000009 	0.14130080254628358
7.781227380300009 	0.15480795177355083
8.55935011833001  	0.1695530057300694
9.41528513016301  	0.1856385151923
10.35681364317931 	0.20317326986562248
11.392495007497239	0.22227218358482398
12.531744508246963	0.24305604126660812
13.784918959071657	0.2656510751314813
15.163410854978821	0.2901883327280143
16.679751940476702	0.3168027940002453
18.34772713452437 	0.3456321891690966
20.182499847976807	0.3768154637455972
22.200749832774484	0.4104908318317861
24.42082481605193 	0.44685417789679105
26.86290729765712 	0.4860146452752975
29.54919802742283 	0.5280778940257437
32.50411783016511 	0.5731549224420864
35.75452961318162 	0.6213388063211498
39.32998257449977 	0.6726990608236686
43.26298083194975 	0.7272751811332606
47.58927891514472 	0.7850693416082077
52.348206806659185	0.8460382608738413
57.583027487325104	0.9100842765321364
63.34133023605761 	0.9770457184570954
69.67546325966336 	1.046686724065731
76.64300958562968 	1.118686701823854
84.30731054419265 	1.1926297188977815
92.7380415986119  	1.267994162426036
102.01184575847309	1.3441430971201733
112.21303033432038	1.4217245544522121
123.43433336775242	1.4988562012113935
135.77776670452764	1.5744931631334078
149.35554337498039	1.6475289086472222
164.2910977124784 	1.716726331127542
180.72020748372623	1.7807231344897732
198.79222823209884	1.8380413272041023
218.67145105530872	1.8920421607434523
240.53859616083955	1.9375071919507527
264.5924557769235 	1.9724527912037408
291.05170135461583	1.995219130563922
320.1568714900774 	2.004969313671046
352.1725586390851 	2.011161804102576
387.38981450299354	2.0022709143826316
426.12879595329287	1.9768919518053631
468.7416755486221 	1.937582441644677
515.6158431034843 	1.8958637025807177
567.1774274138327 	1.8367456406565514
623.8951701552159 	1.759397030927566
686.2846871707374 	1.6860170512571038
754.9131558878111 	1.5984498379846488
830.4044714765921 	1.4939106123121317
913.4449186242512 	1.4009444123690926
1004.7894104866762	1.2949836826374075
1105.2683515353438	1.1824629487265856
1215.795186688878 	1.0817581871378636
1337.3747053577656	0.9695356919648904
1471.1121758935421	0.8699956421866384
1618.2233934828962	0.7711226374274819
1780.0457328311857	0.6735536865266148
1958.050306114304 	0.590970618723404
2153.855336725734 	0.5024264223268375
2369.2408703983074	0.4368246148287186
2606.164957438138 	0.3671042487754318
2866.7814531819513	0.312055009290205
3153.459598500146 	0.25963848127932354
3468.8055583501637	0.21613623950685107
3815.686114185183 	0.17832273508349175
4197.254725603705 	0.14577992065576045
4616.9801981640785	0.11947952762315685
5078.67821798049  	0.09627534846957332
5586.546039778545 	0.07853500224739417
6145.200643756403 	0.06264376305491852
6759.720708132049 	0.0509567232502137
7435.69277894526  	0.0404141842921429
8179.262056839792 	0.03283624839728399
8997.18826252378  	0.025998393686887278
9896.907088776165 	0.021123434097792552
10886.59779765379 	0.01674628269800783
11975.25757741918 	0.01360994331774681
13172.783335161108	0.010816795157759494
14490.06166867723 	0.008778998771646918
15939.067835544965	0.006968548598214064
17532.974619099474	0.005582750758846508
19286.27208100944 	0.00437772046046659
21214.8992891104  	0.003448946604654774
23336.389218021457	0.0026721416257403747
25670.028139823626	0.002081661682275161
28237.03095380601 	0.001605306507742032
31060.734049186634	0.001239573772070324
34166.80745410533 	0.0009552670837243246
37583.48819951589 	0.0007321846292985384
41341.83701946751 	0.0005653265375450265
45476.020721414294	0.00043042358755410393
50023.62279355577 	0.0003335140793069014
55025.98507291139 	0.00025230426137409805
60528.583580202576	0.00019639720835070866
66581.44193822288 	0.00014761571855033222
73239.58613204522 	0.00011551646535833036
80563.54474524982 	0.00008624241800060591
88619.89921977487 	0.0000678842475180606
97481.88914175243 	0.00005037425840506475
107230.07805592776	0.000039860920798532143
117953.08586152064	0.000029695277687787054
129748.3944476728 	0.000023387522400569564
142723.23389244018	0.000017496101822147397
156995.55728168433	0.000013712148124728026
172695.1130098529 	0.000010303593635283247
189964.62431083835	0.000008033731453374938
208961.08674192237	0.000006064985655622144
229857.19541611476	0.000004703470033364802
252842.91495772646	0.000003568386854663479
278127.2064534993 	0.0000027517457042088233
305939.9270988495 	0.0000020985419421112364
336533.91980873473	0.0000016087285235882413
370187.3117896085 	0.0000012335879551654638
407206.0429685697 	9.398132701783506e-7
447926.647265427  	7.248315799125985e-7
492719.31199197005	5.486321721136969e-7
541991.2431911675 	4.257198269189809e-7
596190.3675102848 	3.20040974108439e-7
655809.4042613137 	2.4993950134293793e-7
721390.3446874457 	1.8654739547125968e-7
793529.3791561909 	1.4667300115835629e-7
872882.3170718106 	1.0884130319107449e-7
960170.5487789925 	8.603139942071117e-8
1056187.6036568927	6.412228405557904e-8
1161806.3640225828	5.043658280179583e-8
1277987.0004248421	3.7764933835946487e-8
1405785.7004673274	2.955300310022249e-8
1546364.2705140612	2.223399249932932e-8
1701000.6975654687	1.7306511675214402e-8
1871100.767322017 	1.308560040989532e-8
2058210.8440542205	1.0128836010264299e-8
2264031.9284596443	7.698598403217034e-9
2490435.121305611 	5.924342849427101e-9
2739478.633436174 	4.527597823245805e-9
3013426.496779794 	3.4628956359489617e-9
3314769.146457776 	2.6616887424247024e-9
3646246.0611035563	2.022762306716935e-9
4010870.6672139154	1.564153258522091e-9
4411957.7339353105	1.1807367995438688e-9
4853153.507328846 	9.188251113157842e-10
5338468.858061734 	6.887069467477644e-10
5872315.743867912 	5.39504331160338e-10
6459547.318254708 	4.0138598625868145e-10
7105502.050080185 	3.166295751880344e-10
7816052.255088209 	2.3549405661231724e-10
8597657.480597038 	1.8573099212053396e-10
9457423.228656748 	1.3875866212221905e-10
10403165.551522432	1.0888750343303198e-10
11443482.106674684	8.173051177493058e-11
12587830.317342162	6.380004842970644e-11
13846613.34907639 	4.812252728789571e-11
15231274.683984041	3.735969873840961e-11
16754402.152382458	2.8323659153483293e-11
18429842.367620718	2.186331691067528e-11
20272826.604382806	1.6664210351877137e-11
22300109.264821105	1.2786364226970993e-11
24530120.191303235	9.800493855776886e-12
26983132.21043358 	7.472788379178683e-12
29681445.43147696 	5.761517993482209e-12
32649589.974624686	4.364338985566114e-12
35914548.97208718 	3.3857587464573405e-12
39506003.86929593 	2.5470799884805383e-12
43456604.256225556	1.988806836411793e-12
47802264.68184815 	1.4853188041062398e-12
52582491.15003301 	1.1676835202669458e-12
57840740.26503636 	8.667075831947495e-13
63624814.29154004 	6.85236322064098e-13
69987295.72069411 	5.108510816726147e-13
76986025.29276358 	4.019006829267708e-13
84684627.82204    	3.009954762743689e-13
93153090.60424407 	2.3558598193311317e-13